M7 12344.64 32709.6 144.0 145.0 1.007
M9 10164.0 29272.32 116.0 118.0 1.017
M9 11420.64 8389.92 116.0 117.0 1.009
M9 11420.64 8426.88 116.0 121.0 1.043
M9 11420.64 18812.64 116.0 118.0 1.017
M9 11420.64 18849.6 116.0 126.0 1.086
M9 23321.76 29272.32 116.0 120.0 1.034
M9 23321.76 29309.28 116.0 124.0 1.069
M9 23321.76 29346.24 116.0 127.0 1.095
M9 23321.76 29383.2 116.0 128.0 1.103
M9 23321.76 29420.16 116.0 128.0 1.103
M9 23321.76 29457.12 116.0 128.0 1.103
M9 23321.76 29494.08 116.0 128.0 1.103
M9 23321.76 29531.04 116.0 128.0 1.103
M9 23321.76 29568.0 116.0 128.0 1.103
M9 23321.76 29604.96 116.0 128.0 1.103
M9 23321.76 29641.92 116.0 128.0 1.103
M9 23321.76 29678.88 116.0 128.0 1.103
M9 23321.76 29715.84 116.0 127.0 1.095
M9 23321.76 29752.8 116.0 124.0 1.069
M9 23321.76 29789.76 116.0 124.0 1.069
M9 23321.76 29826.72 116.0 124.0 1.069
M9 23321.76 29863.68 116.0 124.0 1.069
M9 23321.76 29900.64 116.0 122.0 1.052
M9 23321.76 29937.6 116.0 120.0 1.034
M9 23321.76 29974.56 116.0 120.0 1.034
M9 23321.76 30011.52 116.0 120.0 1.034
M9 23321.76 30048.48 116.0 120.0 1.034
