0 4 0 40000002 e0000000 1e3ce508 00000000 1 0 20480 1 400000000 5120 1 a000 4 0 0 0 1 a0c0 5120 0 0 0 0 0 0 649.3 0 5120 0 0 173 185 834.3 attn_norm
1 1 0 10000402 60000001 00000000 00000000 1 a0c0 5120 1 1000643000 5120 0 0 0 0 0 0 1 b9c0 5 0 0 0 0 0 0 185.0 5120 5 0 0 846.3 858.3 1043.3 wkv
2 1 0 10000002 60000001 00000000 00000000 1 a0c0 5120 1 1000002000 5120 0 0 0 0 0 0 1 b4c0 13 0 0 0 0 0 0 185.0 5125 13 0 0 847.3 1043.3 1228.3 wq_a
3 6 1 60400082 20000000 00000000 00000000 1 b4c0 1280 0 0 0 0 0 0 0 0 0 1 b4c0 1280 0 0 0 0 0 0 382.7 5138 1280 0 0 1240.3 1244.3 1627.0 x_projections_gather.qa
4 2 0 20001004 30000000 00000000 00000000 1 b4c0 160 0 0 0 0 0 0 0 0 0 0 0 0 1 c2c0 1 0 0 0 164.0 6418 1 0 0 1631.0 1643.0 1807.0 q_norm.ss
5 8 0 80000002 20000000 00000000 00000000 1 40000a000 1280 0 0 0 0 0 0 0 0 0 1 bbc0 1280 0 0 0 0 0 0 105.6 6419 1280 0 0 1632.0 1644.0 1749.7 q_norm.gain
6 6 1 60400002 20000000 00000000 00000000 1 b9c0 512 0 0 0 0 0 0 0 0 0 1 b9c0 512 0 0 0 0 0 0 382.7 7699 512 0 0 1633.0 1637.0 2019.8 x_projections_gather.kvraw
7 8 0 80000002 20000000 00000000 00000000 1 40000b400 512 0 0 0 0 0 0 0 0 0 1 c0c0 512 0 0 0 0 0 0 104.6 8211 512 0 0 1634.0 1648.0 1752.7 kv_norm.gain
8 2 0 20000002 30000000 00000000 00000000 1 c2c0 1 0 0 0 0 0 0 0 0 0 1 c300 1 0 0 0 0 0 0 152.0 8723 1 0 0 1635.0 1807.0 1959.0 q_norm.rs
9 8 0 80000002 20000000 00000000 00000000 1 40000bc00 64 0 0 0 0 0 0 0 0 0 1 d040 64 0 0 0 0 0 0 104.1 8724 64 0 0 1636.0 1652.0 1756.1 kv_rope.table
10 2 0 20004002 f0000000 00000000 00000000 1 b4c0 1280 1 c300 1280 1 bbc0 1280 0 0 0 1 c340 1280 0 0 0 0 0 0 61.0 8788 1280 0 0 1768.1 1959.0 2020.0 q_norm.y
11 1 0 10000102 60000001 00000000 00000000 1 c340 1280 1 10008c4000 1280 0 0 0 0 0 0 1 d080 512 0 0 0 0 0 0 387.0 10068 512 0 0 2032.0 2044.0 2431.1 wq_b__head-aligned:_head_h_on_die_h_
12 2 0 20001004 30000000 00000000 00000000 1 b9c0 64 0 0 0 0 0 0 0 0 0 0 0 0 1 c2c0 1 0 0 0 151.0 10580 1 0 0 2033.0 2045.0 2196.1 kv_norm.ss
13 2 0 20000002 30000000 00000000 00000000 1 c2c0 1 0 0 0 0 0 0 0 0 0 1 c300 1 0 0 0 0 0 0 152.0 10581 1 0 0 2034.0 2196.1 2348.1 kv_norm.rs
14 2 0 20000002 f0000000 00000000 00000000 1 b9c0 512 1 c300 512 1 c0c0 512 0 0 0 1 ca40 512 0 0 0 0 0 0 60.0 10582 512 0 0 2035.0 2348.1 2408.1 kv_norm.y
15 2 0 20000003 70000000 00000000 00000000 1 cc00 64 1 d040 64 0 0 0 1 d060 64 1 cc00 64 0 0 0 0 0 0 60.0 11094 64 0 0 2036.0 2408.1 2468.1 kv_rope.tail
16 4 4 41000102 20000000 00000000 00000000 1 ca40 512 0 0 0 0 0 0 0 0 0 1 cc40 512 0 0 0 0 0 0 24.0 11158 512 0 0 2480.1 2491.1 2515.1 kv_row_qdq
17 8 3 80c00402 20000000 00000000 00000000 1 cc40 512 0 0 0 0 0 0 0 0 0 1 40000c320 512 0 0 0 0 0 0 60.0 11670 0 0 1 2526.1 2538.1 2598.1 window_row_append
18 2 0 20000083 70000000 00000000 00000000 1 d240 64 1 d040 64 0 0 0 1 d060 64 1 d240 64 0 0 0 0 0 0 60.0 11670 64 2064 0 2527.1 2539.1 2599.1 q_rope.tail
19 5 0 50004102 60000171 00000000 00000000 1 d080 512 1 40000c320 128 0 0 0 0 0 0 1 d280 128 0 0 0 0 0 0 147.1 11734 128 2064 0 2611.1 2623.1 2770.2 attend.qk
20 2 0 20000804 30000000 00000000 00000000 1 d280 128 0 0 0 0 0 0 0 0 0 0 0 0 1 d500 1 0 0 0 139.0 11862 1 2064 0 2782.2 2794.2 2933.2 attend.max
21 2 0 20000006 70000000 00000000 00000000 1 d280 128 1 d500 128 0 0 0 0 0 0 1 d540 128 1 d7c0 1 0 0 0 233.0 11863 129 2064 0 2783.2 2933.2 3166.2 attend.exp_sum
22 8 0 80000002 20000000 00000000 00000000 1 40000c300 1 0 0 0 0 0 0 0 0 0 1 da80 1 0 0 0 0 0 0 104.0 11992 1 2064 0 2784.2 2796.2 2900.2 attend.sink_table
23 2 0 20000002 30000000 00000000 00000000 1 d540 128 0 0 0 0 0 0 0 0 0 1 d800 128 0 0 0 0 0 0 60.0 11993 128 2064 0 2785.2 3166.2 3226.2 attend.bf16_p
24 5 1 50400102 60000171 00000000 00000000 1 d800 128 1 40000c320 128 0 0 0 0 0 0 1 db40 512 0 0 0 0 0 0 147.1 12121 512 2064 0 3238.2 3250.2 3397.3 attend.pv
25 2 0 20004002 f0000000 00000000 00000000 1 da80 1 1 d500 1 1 d7c0 1 0 0 0 1 db00 1 0 0 0 0 0 0 154.0 12633 1 2064 0 3239.2 3251.2 3405.2 attend.den
26 2 0 20000802 70000000 00000000 00000000 1 db40 512 1 db00 512 0 0 0 0 0 0 1 df40 512 0 0 0 0 0 0 76.0 12634 512 2064 0 3409.3 3421.3 3497.3 attend.norm
27 2 0 20000003 70000000 00000000 00000000 1 e100 64 1 d040 64 0 0 0 1 d060 64 1 e100 64 0 0 0 0 0 0 60.0 13146 64 2064 0 3410.3 3497.3 3557.3 attend.inv_rope.tail
28 1 0 10000102 60000000 00000000 00000000 1 df40 512 1 10030c5000 512 0 0 0 0 0 0 1 e140 1024 0 0 0 0 0 0 394.0 13210 1024 2064 0 3569.3 3581.3 3975.3 wo_a_K-split:_the_die_s_head_against_its_o-group_s_1_024_rows
29 6 4 61000082 20000008 00000000 00000000 1 e140 1024 0 0 0 0 0 0 0 0 0 1 11140 12288 0 0 0 0 0 0 1325.9 14234 12288 2064 0 3987.3 3991.3 5317.3 o-group_tree_reduce__8_contributors__+_multicast
30 10 0 a0000002 60000000 00000000 00000000 1 0 20480 1 1000000000 1 0 0 0 0 0 0 1 a040 24 0 0 0 0 0 0 1160.0 26522 24 2064 0 3988.3 4000.3 5160.3 hc_attn__mixes_+_Sinkhorn_
31 2 0 20000002 30000000 00000000 00000000 1 0 20480 0 0 0 0 0 0 0 0 0 1 5000 20480 0 0 0 0 0 0 79.0 26546 20480 2064 0 3989.3 4001.3 4080.3 attn.res_copy
32 1 0 10001002 60000001 00000000 00000000 1 11140 8192 1 10070c6000 8192 0 0 0 0 0 0 1 14140 53 0 0 0 0 0 0 273.0 47026 53 2064 0 5321.3 5333.3 5606.3 wo_b
33 6 1 60400082 20000000 00000000 00000000 1 14140 5120 0 0 0 0 0 0 0 0 0 1 14140 5120 0 0 0 0 0 0 788.5 47079 5120 2064 0 5618.3 5622.3 6410.8 attn_out_gather.y
34 4 2 40811102 e0000000 00000000 00000000 1 14140 5120 1 5000 20480 1 a044 20 0 0 0 1 0 20480 0 0 0 0 0 0 222.7 52199 20480 2064 0 6414.8 6426.8 6649.5 hc_post_attn
35 4 0 40000002 e0000000 1e3ce508 00000000 1 0 20480 1 400005000 5120 1 a040 4 0 0 0 1 a0c0 5120 0 0 0 0 0 0 649.3 72679 5120 2064 0 6415.8 6649.5 7298.8 ffn_norm
36 1 0 10000402 60000000 00000000 00000000 1 a0c0 5120 1 10098c9000 5120 0 0 0 0 0 0 1 15540 4 0 0 0 0 0 0 246.0 77799 4 2064 0 7310.8 7322.8 7568.8 router_gate
37 2 0 20000082 30000000 00000000 00000000 1 15540 4 0 0 0 0 0 0 0 0 0 1 15540 4 0 0 0 0 0 0 339.0 77803 4 2064 0 7580.8 7592.8 7931.8 router_act
38 6 1 60400102 20000000 00000000 00000000 1 15540 384 0 0 0 0 0 0 0 0 0 1 15540 384 0 0 0 0 0 0 765.4 77807 384 2064 0 7943.8 7947.8 8713.2 router_gather.gsc
39 8 0 80000002 20000000 00000000 00000000 1 40000bd00 384 0 0 0 0 0 0 0 0 0 1 156c0 384 0 0 0 0 0 0 104.5 78191 384 2064 0 7944.8 7956.8 8061.3 route.bias
40 2 0 20005002 b0000000 00000000 00000000 1 15540 384 0 0 0 1 156c0 384 0 0 0 1 15840 384 0 0 0 0 0 0 60.0 78575 384 2064 0 8717.2 8729.2 8789.2 route.scores_bias
41 9 2 90800102 20001006 00000000 00000000 1 15840 384 0 0 0 0 0 0 0 0 0 1 159c0 6 0 0 0 0 0 0 283.0 78959 6 2064 0 8801.2 8818.2 9101.2 route.top6
42 2 0 2000800a 30000000 00000000 00000000 1 1557d 1 0 0 0 0 0 0 0 0 0 1 15a00 1 0 0 0 1 159c0 1 60.0 78965 1 2064 0 9146.2 9158.2 9218.2 route.gather0
43 2 0 2000000a 30000000 00000000 00000000 1 15585 1 0 0 0 0 0 0 0 0 0 1 15a01 1 0 0 0 1 159c1 1 60.0 78966 1 2064 0 9147.2 9218.2 9278.2 route.gather1
44 2 0 2000000a 30000000 00000000 00000000 1 155b0 1 0 0 0 0 0 0 0 0 0 1 15a02 1 0 0 0 1 159c2 1 60.0 78967 1 2064 0 9148.2 9278.2 9338.2 route.gather2
45 2 0 2000000a 30000000 00000000 00000000 1 155ea 1 0 0 0 0 0 0 0 0 0 1 15a03 1 0 0 0 1 159c3 1 60.0 78968 1 2064 0 9149.2 9338.2 9398.2 route.gather3
46 8 0 80000002 20000000 00000000 00000000 1 400051320 1 0 0 0 0 0 0 0 0 0 1 15ac6 1 0 0 0 0 0 0 104.0 78969 1 2064 0 9150.2 9162.2 9266.2 route.one
47 1 0 1000000a 60000002 00000000 00000000 1 a0c0 5120 1 101f3aa000 5120 0 0 0 0 0 0 1 2f1c0 24 0 0 0 1 159c0 1 162.0 78970 24 2064 0 9151.2 9163.2 9325.2 expert_slot_0_w1
48 2 0 2000000a 30000000 00000000 00000000 1 1566b 1 0 0 0 0 0 0 0 0 0 1 15a04 1 0 0 0 1 159c4 1 60.0 78994 1 2064 0 9158.2 9398.2 9458.2 route.gather4
49 2 0 2000000a 30000000 00000000 00000000 1 156a5 1 0 0 0 0 0 0 0 0 0 1 15a05 1 0 0 0 1 159c5 1 60.0 78995 1 2064 0 9218.2 9458.2 9518.2 route.gather5
50 2 0 20000004 30000000 00000000 00000000 1 15a00 6 0 0 0 0 0 0 0 0 0 0 0 0 1 15a40 1 0 0 0 115.0 78996 1 2064 0 9278.2 9518.2 9633.2 route.total
51 1 0 10000002 60000001 00000000 00000000 1 a0c0 5120 1 1117c8c000 5120 0 0 0 0 0 0 1 3d5c0 24 0 0 0 0 0 0 40.0 78997 24 2064 0 9279.2 9325.2 9365.2 expert_slot_6_w1
52 1 0 10000002 60000001 00000000 00000000 1 a0c0 5120 1 11187cd000 5120 0 0 0 0 0 0 1 3dec0 24 0 0 0 0 0 0 40.0 79021 24 2064 0 9280.2 9365.2 9405.2 expert_slot_6_w3
53 1 0 1000000a 60000002 00000000 00000000 1 a0c0 5120 1 10a63ab000 5120 0 0 0 0 0 0 1 2fac0 24 0 0 0 1 159c0 1 24.0 79045 24 2064 0 9281.2 9405.2 9429.2 expert_slot_0_w3
54 1 0 1000000a 60000002 00000000 00000000 1 a0c0 5120 1 10220aa000 5120 0 0 0 0 0 0 1 317c0 24 0 0 0 1 159c1 1 24.0 79069 24 2064 0 9282.2 9429.2 9453.2 expert_slot_1_w1
55 1 0 1000000a 60000002 00000000 00000000 1 a0c0 5120 1 10a90ab000 5120 0 0 0 0 0 0 1 320c0 24 0 0 0 1 159c1 1 24.0 79093 24 2064 0 9325.2 9453.2 9477.2 expert_slot_1_w3
56 1 0 1000000a 60000002 00000000 00000000 1 a0c0 5120 1 103128a000 5120 0 0 0 0 0 0 1 33dc0 24 0 0 0 1 159c2 1 24.0 79117 24 2064 0 9365.2 9477.2 9501.2 expert_slot_2_w1
57 1 0 1000000a 60000002 00000000 00000000 1 a0c0 5120 1 10b828b000 5120 0 0 0 0 0 0 1 346c0 24 0 0 0 1 159c2 1 24.0 79141 24 2064 0 9405.2 9501.2 9525.2 expert_slot_2_w3
58 2 0 20000002 30000000 00000000 00000000 1 15a40 1 0 0 0 0 0 0 0 0 0 1 15a80 1 0 0 0 0 0 0 60.0 79165 1 2064 0 9406.2 9633.2 9693.2 route.den
59 1 0 1000000a 60000002 00000000 00000000 1 a0c0 5120 1 10458ca000 5120 0 0 0 0 0 0 1 363c0 24 0 0 0 1 159c3 1 24.0 79166 24 2064 0 9429.2 9525.2 9549.2 expert_slot_3_w1
60 1 0 1000000a 60000002 00000000 00000000 1 a0c0 5120 1 10cc8cb000 5120 0 0 0 0 0 0 1 36cc0 24 0 0 0 1 159c3 1 24.0 79190 24 2064 0 9453.2 9549.2 9573.2 expert_slot_3_w3
61 1 0 1000000a 60000002 00000000 00000000 1 a0c0 5120 1 1072e6a000 5120 0 0 0 0 0 0 1 389c0 24 0 0 0 1 159c4 1 24.0 79214 24 2064 0 9477.2 9573.2 9597.2 expert_slot_4_w1
62 1 0 1000000a 60000002 00000000 00000000 1 a0c0 5120 1 10f9e6b000 5120 0 0 0 0 0 0 1 392c0 24 0 0 0 1 159c4 1 24.0 79238 24 2064 0 9501.2 9597.2 9621.2 expert_slot_4_w3
63 1 0 1000000a 60000002 00000000 00000000 1 a0c0 5120 1 10874aa000 5120 0 0 0 0 0 0 1 3afc0 24 0 0 0 1 159c5 1 24.0 79262 24 2064 0 9525.2 9621.2 9645.2 expert_slot_5_w1
64 2 0 20004002 70000000 00000000 00000000 1 15a00 6 1 15a80 6 0 0 0 0 0 0 1 15ac0 6 0 0 0 0 0 0 75.0 79286 6 2064 0 9526.2 9693.2 9768.2 route.weights
65 1 0 1000000a 60000002 00000000 00000000 1 a0c0 5120 1 110e4ab000 5120 0 0 0 0 0 0 1 3b8c0 24 0 0 0 1 159c5 1 24.0 79292 24 2064 0 9549.2 9645.2 9669.2 expert_slot_5_w3
66 2 0 20000082 f0000000 00000000 00000000 1 2f1c0 24 1 15ac0 24 1 2fac0 24 0 0 0 1 15b00 24 0 0 0 0 0 0 181.0 79316 168 2064 0 9681.2 9768.2 9949.2 swiglu
67 6 1 60400102 20000000 00000000 00000000 1 18800 2304 0 0 0 0 0 0 0 0 0 1 18800 2304 0 0 0 0 0 0 126.2 79484 2304 2064 0 9961.2 9965.2 10091.4 expert_intermediate_gather.s5
68 6 1 60400002 20000000 00000000 00000000 1 17f00 2304 0 0 0 0 0 0 0 0 0 1 17f00 2304 0 0 0 0 0 0 126.2 81788 2304 2064 0 9962.2 10091.4 10217.7 expert_intermediate_gather.s4
69 6 1 60400002 20000000 00000000 00000000 1 17600 2304 0 0 0 0 0 0 0 0 0 1 17600 2304 0 0 0 0 0 0 126.2 84092 2304 2064 0 9963.2 10217.7 10343.9 expert_intermediate_gather.s3
70 10 0 a0000002 60000000 00000000 00000000 1 0 20480 1 10098c7000 1 0 0 0 0 0 0 1 a080 24 0 0 0 0 0 0 1160.0 86396 24 2064 0 9964.2 9976.2 11136.2 hc_ffn__mixes_+_Sinkhorn_
71 6 1 60400002 20000000 00000000 00000000 1 15b00 2304 0 0 0 0 0 0 0 0 0 1 15b00 2304 0 0 0 0 0 0 126.2 86420 2304 2064 0 9965.2 10343.9 10470.1 expert_intermediate_gather.s0
72 1 0 1000100a 60000002 00000000 00000000 1 15b00 2304 1 112ea2e000 2304 0 0 0 0 0 0 1 303c0 53 0 0 0 1 159c0 1 32.0 88724 53 2064 0 10474.1 10486.1 10518.1 expert_slot_0_w2
73 6 1 60400002 20000000 00000000 00000000 1 16400 2304 0 0 0 0 0 0 0 0 0 1 16400 2304 0 0 0 0 0 0 126.2 88777 2304 2064 0 10475.1 10479.1 10605.3 expert_intermediate_gather.s1
74 6 1 60400002 20000000 00000000 00000000 1 16d00 2304 0 0 0 0 0 0 0 0 0 1 16d00 2304 0 0 0 0 0 0 126.2 91081 2304 2064 0 10476.1 10605.3 10731.5 expert_intermediate_gather.s2
75 1 0 1000000a 60000002 00000000 00000000 1 17600 2304 1 1154f4e000 2304 0 0 0 0 0 0 1 375c0 53 0 0 0 1 159c3 1 32.0 93385 53 2064 0 10477.1 10518.1 10550.1 expert_slot_3_w2
76 1 0 1000000a 60000002 00000000 00000000 1 17f00 2304 1 11824ee000 2304 0 0 0 0 0 0 1 39bc0 53 0 0 0 1 159c4 1 32.0 93438 53 2064 0 10478.1 10550.1 10582.1 expert_slot_4_w2
77 1 0 1000000a 60000002 00000000 00000000 1 18800 2304 1 1196b2e000 2304 0 0 0 0 0 0 1 3c1c0 53 0 0 0 1 159c5 1 32.0 93491 53 2064 0 10479.1 10582.1 10614.1 expert_slot_5_w2
78 1 0 1000100a 60000002 00000000 00000000 1 16400 2304 1 113172e000 2304 0 0 0 0 0 0 1 329c0 53 0 0 0 1 159c1 1 32.0 93544 53 2064 0 10735.5 10747.5 10779.5 expert_slot_1_w2
79 6 1 60400002 20000000 00000000 00000000 1 19100 2304 0 0 0 0 0 0 0 0 0 1 19100 2304 0 0 0 0 0 0 126.2 93597 2304 2064 0 10736.5 10740.5 10866.8 expert_intermediate_gather.s6
80 2 0 20000082 b0000000 00000000 00000000 1 303c0 53 0 0 0 1 329c0 53 0 0 0 1 19a00 53 0 0 0 0 0 0 60.0 95901 53 2064 0 10791.5 10803.5 10863.5 moe_sum.0
81 1 0 1000000a 60000002 00000000 00000000 1 16d00 2304 1 114090e000 2304 0 0 0 0 0 0 1 34fc0 53 0 0 0 1 159c2 1 32.0 95954 53 2064 0 10792.5 10804.5 10836.5 expert_slot_2_w2
82 2 0 20000083 b0000000 00000000 00000000 1 19a00 53 0 0 0 1 375c0 53 1 34fc0 53 1 19a00 53 0 0 0 0 0 0 60.0 96007 53 2064 0 10848.5 10863.5 10923.5 moe_sum.2
83 1 0 10001002 60000001 00000000 00000000 1 19100 2304 1 11a030f000 2304 0 0 0 0 0 0 1 3e7c0 53 0 0 0 0 0 0 48.0 96060 53 2064 0 10870.8 10882.8 10930.8 expert_slot_6_w2
84 2 0 20000003 b0000000 00000000 00000000 1 19a00 53 0 0 0 1 3c1c0 53 1 39bc0 53 1 19a00 53 0 0 0 0 0 0 60.0 96113 53 2064 0 10871.8 10923.5 10983.5 moe_sum.4
85 2 0 20000082 b0000000 00000000 00000000 1 19a00 53 0 0 0 1 3e7c0 53 0 0 0 1 19a00 53 0 0 0 0 0 0 60.0 96166 53 2064 0 10942.8 10983.5 11043.5 moe_sum.6
86 6 1 60400102 20000000 00000000 00000000 1 19a00 5120 0 0 0 0 0 0 0 0 0 1 19a00 5120 0 0 0 0 0 0 788.5 96219 5120 2064 0 11055.5 11059.5 11848.1 ffn_out_gather.yf
87 2 0 20000002 30000000 00000000 00000000 1 0 20480 0 0 0 0 0 0 0 0 0 1 5000 20480 0 0 0 0 0 0 79.0 101339 20480 2064 0 11056.5 11068.5 11147.5 ffn.res_copy
88 8 2 80800000 00000000 00000000 00000000 0 0 0 0 0 0 0 0 0 0 0 0 0 0 0 0 0 0 0 0 0 60.0 121819 0 2064 0 11057.5 11069.5 11129.5 routed-expert_slices_HBM_-__SMEM__descriptors_after_the_router__B2___weights_read_in_place_through_C3b_
89 2 0 20010002 30000000 00000000 00000000 1 a080 4 0 0 0 0 0 0 0 0 0 1 a000 4 0 0 0 0 0 0 60.0 121819 4 2064 0 11148.2 11160.2 11220.2 pre__-_ffn_mix_pre
90 4 2 40801102 e0000000 00000000 00000000 1 19a00 5120 1 5000 20480 1 a084 20 0 0 0 1 0 20480 0 0 0 0 0 0 222.7 121823 20480 2064 0 11852.1 11864.1 12086.7 hc_post_ffn
