# k unit op tag real dispatch retire cost s2_disp s2_start s2_end dispatch_mismatch vm_checked mismatch stray
0 8 0 rope.table_row 0 475 579 104.2 169.0 181.0 285.2 0 0 0 0
1 8 0 swiglu.route_one 0 580 684 104.0 172.0 185.0 289.0 0 0 0 0
2 4 1 prenorm.attn 0 751 927 175.0 176.0 188.0 363.0 0 0 0 0
3 1 0 qkv 0 932 4351 3419.0 375.0 387.0 3806.0 0 0 0 0
4 8 0 row_scale_qkv.load 0 1008 1113 105.0 376.0 388.0 493.0 0 0 0 0
5 2 0 row_scale_qkv 0 4356 4417 61.0 3818.0 3830.0 3891.0 0 0 0 0
6 4 1 qknorm.q 0 4422 4548 125.0 3903.0 3915.0 4040.0 0 0 0 0
7 4 1 qknorm.k 0 4550 4676 125.0 3904.0 4040.0 4165.0 0 0 0 0
8 2 0 rope 0 4681 4742 61.0 4177.0 4189.0 4250.0 0 0 0 0
9 2 0 round_q 0 4743 4803 60.0 4178.0 4250.0 4310.0 0 0 0 0
10 8 1 kv_append.K 0 4808 4838 30.0 4322.0 4334.0 4364.0 0 0 0 0
11 8 1 kv_append.V 0 4855 4885 30.0 4323.0 4338.0 4368.0 0 0 0 0
12 8 2 kv_fence 0 4886 4946 60.0 4324.0 4342.0 4402.0 0 0 0 0
13 5 0 attention_qk.kv0 0 4951 5611 660.1 4414.0 4426.0 5086.1 0 0 0 0
14 5 0 attention_qk.kv1 0 5612 6272 660.1 4415.0 5086.1 5746.3 0 0 0 0
15 2 0 softmax.max 0 6277 6515 238.0 5758.3 5770.3 6008.3 0 0 0 0
16 2 0 softmax.exp_sum 0 6516 7040 524.0 5759.3 6008.3 6532.3 0 0 0 0
17 2 0 softmax.bf16_p 0 7041 7164 123.0 5760.3 6532.3 6655.3 0 0 0 0
18 5 1 attention_pv.kv0 0 7169 7829 660.1 6667.3 6679.3 7339.4 0 0 0 0
19 5 1 attention_pv.kv1 0 7830 8490 660.1 6668.3 7339.4 7999.5 0 0 0 0
20 2 0 pv_normalize 0 8495 8573 78.0 8011.5 8023.5 8101.5 0 0 0 0
21 1 0 o 0 8578 10973 2395.0 8113.5 8125.5 10520.5 0 0 0 0
22 6 0 all_reduce_o 1 10978 10988 1350.0 10532.5 10536.5 11886.5 0 4096 4096 0
23 8 0 row_scale_o.load 0 -1 -1 106.6 10533.5 10545.5 10652.1 0 0 0 0
24 2 0 row_scale_o+residual 0 -1 -1 63.0 11890.5 11902.5 11965.5 0 0 0 0
25 4 1 prenorm.ffn 0 -1 -1 175.0 11977.5 11989.5 12164.5 0 0 0 0
26 1 0 gu 0 -1 -1 12635.0 12176.5 12188.5 24823.5 0 0 0 0
27 8 0 row_scale_gu.load 0 -1 -1 107.9 12177.5 12189.5 12297.4 0 0 0 0
28 2 0 row_scale_gu 0 -1 -1 65.0 24835.5 24847.5 24912.5 0 0 0 0
29 3 0 swiglu 0 -1 -1 60.0 24924.5 24936.5 24996.5 0 0 0 0
30 1 0 down 0 -1 -1 6491.0 25008.5 25020.5 31511.5 0 0 0 0
31 6 0 all_reduce_down 0 -1 -1 1350.0 31523.5 31527.5 32877.5 0 0 0 0
32 8 0 row_scale_down.load 0 -1 -1 106.6 31524.5 31536.5 31643.1 0 0 0 0
33 2 0 row_scale_down+residual 0 -1 -1 63.0 32881.5 32893.5 32956.5 0 0 0 0
SUMMARY cycles 410979 token -1 status 15 dispatched 23/34 retired 23 dispatch_mismatch 0 final_vm_mismatch 41973 final_hbm_mismatch 0 unloaded_hbm_reads 120
