0 1
0 17
5 1
5 17
16 9
16 11
17 25
17 27
18 8
18 10
18 24
18 26
95 9
95 11
96 8
96 10
97 27
98 26
99 25
100 24
129 1
131 1
131 17
133 17
188 9
188 11
190 8
190 10
191 26
191 27
192 25
193 24
247 1
249 1
249 17
251 17
252 9
252 11
253 8
253 10
255 26
255 27
256 25
257 24
331 9
331 11
332 8
332 10
335 25
335 26
335 27
336 24
365 1
366 1
367 17
368 17
424 9
424 11
425 8
425 10
428 25
428 26
428 27
429 24
484 1
485 17
486 1
486 17
488 9
488 11
489 8
489 10
492 27
493 24
499 25
503 26
567 9
567 11
568 8
568 10
570 27
572 24
578 25
582 26
602 1
603 17
604 1
604 17
660 9
660 11
661 8
661 10
665 24
665 27
671 25
677 26
720 17
722 1
722 17
723 1
724 9
724 11
725 8
725 10
729 24
729 27
735 25
741 26
803 9
803 11
804 8
804 10
808 24
808 27
814 25
820 26
839 1
840 1
841 17
842 17
896 9
896 11
897 8
897 10
901 24
901 27
907 25
913 26
956 1
959 17
960 9
960 11
960 17
961 8
961 10
964 1
965 24
965 27
971 25
977 26
1039 9
1039 11
1040 8
1040 10
1044 27
1045 24
1050 25
1056 26
1080 1
1081 17
1082 1
1082 17
1132 9
1132 11
1133 8
1133 10
1137 27
1138 24
1143 25
1150 26
1196 9
1196 11
1197 8
1197 10
1198 1
1200 1
1200 17
1201 27
1202 17
1202 24
1207 25
1214 26
