0 160 3496470881 3262147670 1600378601 1701239777 3932840689 3991006833 3714411379 3698191329 115
0 161 3982356794 3855935594 3973014638 3907117043 1618033392 1617423721 1826941168 1827299294 115
0 162 1709498722 3076582228 3253363939 1860036441 3806812520 3654212839 1616015963 3763695429 115
0 163 1659619179 1643273029 1683217505 3906073454 3806843748 3981632975 3991268198 3671516271 115
0 164 3831887065 1944185702 1869507184 1491131996 1366094044 1651108446 4042027745 3831721312 115
0 165 1498443503 3219615081 1499127661 3948991199 1492347376 1718251607 1800462014 3941689061 115
0 166 1818421081 3863703530 1617190768 1618405743 3890829933 3939262318 1700916085 1835166058 115
0 167 4092714585 4022694743 1894802249 1332468449 4058506214 2019750365 3765487821 1726931663 115
0 168 1499623785 3963710955 1835325545 1700127319 3772210409 1758718162 1867140592 1550699363 115
0 169 3908267123 3857379595 3687435113 1667125483 1843063532 1918132832 3798162037 1894146524 115
0 170 3941586921 4075809377 1852359645 1408363992 3538545513 3739410783 1617615458 4067510624 115
0 171 3705791600 3681510769 3966329950 3127175894 3580746086 3789777509 3991986672 3656181099 115
0 172 3958435953 1843617378 1642785646 1767697648 1894838115 1768351338 1793582032 3924674016 115
0 173 1220700514 1750624748 3973934189 3907318769 4082757730 1709367785 3512953579 1759995359 115
0 174 1877536601 1734921585 3730466282 1919675873 3932154215 1642815592 1810164723 1860391644 115
0 175 1809245931 1767957743 3932090579 1297835378 3236279270 3949816426 1433132648 1852432880 115
0 176 1590881524 3731772267 4099828083 1491000817 4058215273 1634004579 1591994592 3899191152 115
0 177 1885161186 1751832679 3639668719 1541107684 1751117013 1759340895 905078635 3186382962 115
0 178 3919833935 3714213601 1808912876 1684138731 1674735334 3806916950 3807009244 1709434475 115
0 179 1877307554 3865271402 3991399389 1599856957 3765623530 1590979050 3831816559 1366322525 115
0 180 1608075366 3722797293 3554373091 3967148261 1700126901 3916098919 3521569496 3915902695 115
0 181 1953295192 1760744171 3796096748 3880804718 3764743153 1740792805 2014332241 1810590827 115
0 182 1801610994 3965545575 3922287724 1869931371 3991987681 1423401424 1366419443 1902963560 115
0 183 1945398998 3815961841 4075840868 1802009581 4101040746 3773293156 2045073266 1936845165 114
0 184 3882766884 1842344419 4040617429 3773024618 1668602472 1776875871 1918887017 1650746196 115
0 185 3950171754 1961417948 3973606509 3982980448 1625941615 4098913512 1810722778 1600508647 115
0 186 3690129892 1903769715 3791091442 1774675410 3961975010 1945691368 981167220 2027451241 114
0 187 1802166383 2003329486 1516529892 3729288421 3849611881 1893985006 3369428180 1525375844 115
0 188 1634527969 1643210735 3949391727 1676958921 3438108405 4024548593 1626434544 3866092011 115
0 189 3705692146 1835231974 3614009839 1826050796 4033210605 1743834334 1625741530 3412648766 115
0 190 1884542957 1769043437 1810915303 1793647209 4100676453 1499621730 1483696874 3765854564 115
0 191 4075580133 1809934702 4024877663 3932973285 1802757219 1834247662 1609230962 3580874215 115
0 192 3906725825 3723260401 4083207919 1458199907 1842991851 1768548454 3764906074 3546671458 115
0 193 1643145829 1835000920 3779947372 1558901100 3562826980 1742530674 3815370077 3916029804 115
0 194 3647626472 4065226474 1861118560 1608278369 3320443494 1575547992 1868130891 3891423970 115
0 195 1642913614 1767927001 3832115029 1894378852 1533271532 1926847468 3880507240 3881954029 115
0 196 1600936673 3672233063 3647432816 1658809705 3974392412 4033536475 3671649123 1790093170 115
0 197 4075254869 3790369372 4032851059 3722178796 1768710896 1919478765 1532619238 3789638356 115
0 198 3755598560 1927569385 1918984817 1785096289 1498372717 3695390571 1609130989 3824077291 115
0 199 1869736521 3857494889 1567090749 1785060847 1876160924 1370811490 3731085810 1675031149 115
0 200 1834905970 1836180311 1668247761 1675883736 1802171377 1524364899 1911449578 3798819938 115
0 201 1768676069 3664342642 3579406184 1819010282 1776740708 1650645104 3673013715 3729944556 115
0 202 1348627674 1634363611 3765399530 1659920228 1356951653 3907772519 3738426482 1935633902 115
0 203 1684849643 3908365032 1835626959 3639241805 4058772337 1710024562 3873697266 4191974510 115
0 204 4201442168 1743971822 4100807794 1920398020 3949816166 3942082921 1784377148 4076105594 114
0 205 3932774995 3730857949 3840073311 1953590126 3706383085 3404949612 4017123037 3555024237 115
0 206 3335740769 1651174118 3698749531 3890834679 1508472936 1935890784 1801674723 3848950203 115
0 207 1500144860 3807635542 1617519468 1574923760 1777133799 1674998884 3882538346 3991728091 115
0 208 1633249639 1382474212 1801811044 4000145900 1810527935 3789876712 3849022441 1952606185 115
0 209 3998838899 3899027701 4058565723 1374516458 1650028119 3840895210 1769527642 1777102164 115
0 210 1575707374 3697535850 1592148336 1255795441 1718085224 4073743449 3830966626 1651074920 115
0 211 3847546215 1558276328 1675356761 1617617384 1123149667 1844571591 3597845865 3594411609 115
0 212 3865662308 1894147569 3657065703 1542383465 3410970609 3832337781 1642785386 1609298272 115
0 213 1868195039 3991464292 1919870314 1726607969 1909840323 1500571883 3983698393 1634133985 115
0 214 3998867561 1684923991 3949585644 3613778541 3989629392 3848920810 3664798026 1490611950 115
0 215 1298387264 1759766105 1950473674 1701638645 3999947993 1810459760 4049983089 1633907041 115
0 216 1885826284 878992244 1599431919 3790196847 3797740906 3764676842 728231145 3931824793 115
0 217 3928912966 1550702297 3421169131 1735385813 1634462567 1508073709 1751565810 4058180585 115
0 218 1792667752 3832180074 1382738538 1900765784 3940838762 1659302761 1659458160 3891582054 115
0 219 4007131896 3975281266 3497160798 3950146150 3665097457 1886581347 3478974187 2034263027 114
0 220 3822576872 1903287915 4091598193 1660149081 3955222744 1583900251 1825895012 3353013226 115
0 221 1744038241 1709339122 1892512073 3496535263 4017350237 1641633272 4049465064 1993529177 115
0 222 1274047589 3975542757 1732858223 1844304631 2028888935 1790782032 2062998637 3756616684 114
0 223 4016270960 3965641698 1617292009 3721417324 1583962593 3672796260 1911745392 3916546667 115
0 224 4040288876 3547057770 2045895399 1902272107 3681509731 3949815289 3933328229 3967081699 115
0 225 3664437608 1925269735 3991029869 3982682196 3689752672 3907776617 3957506407 1743087707 115
0 226 1616717018 3847970411 3673218012 3790499045 3989594740 1943165778 3857213805 1810625252 115
0 227 4083342053 1835067763 3529305066 1708581993 1525378417 3999784047 1289840354 1701405413 115
0 228 3823392858 1893887705 1777457243 1911546608 1625480298 1264769242 4024066918 4016396002 115
0 229 3897912930 3932646744 1726542447 3905677291 3923895629 3804846175 4074791639 3789181683 115
0 230 1575707247 1786010982 4134590826 3865895145 4008989157 1668115807 1239707999 3982127601 115
0 231 1709598286 1700163048 1433428458 3471270625 1784696945 3832279015 3496404050 3638321251 115
0 232 3555381858 3806160732 3991890645 3438108388 3656249702 3781649384 3915280090 1567215845 115
0 233 3958172404 3831618928 1893494902 3596186716 3990382450 4100973292 3957418355 1802098925 115
0 234 3646153425 4056965745 3924160206 3922517732 1877404633 3679481169 3461501423 1794075868 115
0 235 4033737056 1843542625 1659065824 3849281641 1634758378 3554332658 1834087522 1458957665 115
0 236 1683188562 1643106923 3924945768 1910721131 1669065184 1768645608 3463014106 1525864891 115
0 237 3989892199 1843974123 1681940808 1272765930 1382310619 1776510156 3738825445 1817726051 115
0 238 3882019422 3504231528 3839420776 3907771740 3546575214 652571627 3840370921 3529630312 115
0 239 3898795633 1893102134 3915737824 1122300002 3907408499 1264872682 1994613985 1826582482 115
0 240 3890864878 3789712491 1843453287 1709695834 1399677929 3991626349 1877339756 3814941803 115
0 241 1650550744 4042056235 3856100594 3899418458 1617616751 4016729178 3687477226 1625220712 115
0 242 3614009423 1365692519 1909615602 1785818992 1767726310 3538676204 3354749673 1760644548 115
0 243 3679773939 3982485741 3773524968 3673083503 1818389605 1566960368 1810884830 3463043694 115
0 244 1710090722 3933161043 1541827054 3528481136 2901004394 3916391258 3496176598 3681248869 115
0 245 1978591087 1792078577 1868686179 1893067997 3923800816 1667887075 1749899752 3955876586 115
0 246 3897546074 3815009642 1751280097 1625218414 4165988839 3898172520 1177185617 1818456283 115
0 247 3765202025 3268668521 1515643832 3898269288 3656669417 3915856997 3873958765 1634954842 115
0 248 3999721969 1927442656 3933227739 3949228647 819098861 1970004696 1539659361 4049728372 115
0 249 1383228648 1910499436 3916287343 3293602400 1675778154 3874384870 1902987630 3720245476 115
0 250 3529894240 3857214943 3849185513 1860330341 3883293152 1962170460 4074429897 1440634978 115
0 251 1776838114 3571767918 1600184429 3915509878 870969938 3714934125 3612895712 3847087080 115
0 252 3939955300 3949781482 3949652320 3815729247 3848362443 1676634589 4024979287 3656413551 115
0 253 3764575948 4033699951 3756842336 3941919085 1903420490 1640590056 3790165994 1726371542 115
0 254 1591567183 1517447791 1794235243 4007621972 3765823828 1952408796 1735482966 3916493289 115
0 255 1802102384 3891126366 1349052762 1793157610 1818944743 3505284083 1592454887 3898897501 115
0 256 4108805486 4243844077 1575348461 3839553639 1381818327 1499616491 3874480613 1759926629 115
0 257 1382378336 1498081624 3522025176 1768090082 1860522356 1726701809 3697433557 4016400243 115
0 258 3932478543 3831194196 3940791793 3847056356 3815859154 1659551973 1885692375 1810520180 115
0 259 3941954408 1407544430 3713325287 1776898151 1893266539 1825927538 1668047950 1936352354 115
0 260 3966297964 3896728162 1583441393 1657530088 1702262749 1827691116 1658734447 3672700393 115
0 261 2129714672 4067226848 1885919226 1726870508 3991793257 2062904933 1651405166 4176170986 114
0 262 3983206373 1700882912 4075384818 1919083109 1633905646 3855906148 1692986086 1793323238 115
0 263 3840208361 1525277427 1550873200 3815926738 3849120612 1876815849 1834864621 4033994087 115
0 264 3780930535 1725917266 3856490089 1919020352 1600511329 1792431462 1516785901 3706675949 115
0 265 1906368226 1575674454 1759683810 1540936273 1584164969 3815368020 1784572004 1659883377 115
0 266 3890702817 3966361943 1574756952 3966450276 1776545378 3932963958 1751512033 1558636124 115
0 267 3765561834 1659201248 3874647661 1524393319 1734404561 1793650908 3611580504 4091795155 115
0 268 3857599217 3655757030 1524854998 3503250800 1466001894 3790164436 3915051350 3545684970 115
0 269 1684788976 3882411379 1500079977 1516433393 4008043363 1609096175 3992021350 3613773660 115
0 270 1640421716 3604536040 3948693228 937716064 3453115621 3933396077 3528320972 1699694955 115
0 271 1549793520 1894738036 1105358706 3773886416 3907054676 1046964324 1750395748 1634755560 115
0 272 3847777390 3680660790 3890307536 1811043424 1910072553 1742098540 1181150050 4016792942 115
0 273 3664538730 1785616614 3714475887 1641639787 1465477999 1708322795 1581441516 3756945890 115
0 274 1643212512 3998937970 3966724325 1776018159 1567320921 1273157711 1852534500 1709568113 115
0 275 1945100528 3706247512 1777170440 1507289330 4057295973 3714315492 4008373177 1926329457 115
0 276 4008274124 3957908190 2984403806 1751081705 3765233378 3874155116 3973595748 3949785448 115
0 277 3522190305 3950307433 1760750819 3855872108 1532457569 1751282135 3680760158 1542777329 115
0 278 1791897805 1868356978 3829064688 4017185250 4032034208 1566236251 1927899757 3982684405 115
0 279 3387615207 1835295214 1760715499 4074369115 4065486956 3916001493 3940607601 3597988660 114
1 160 1861443920 1715292776 4040454762 3949422437 3864578652 1618014305 1508862574 1776708332 115
1 161 1852436835 3873598577 1433456100 1123047909 3799046502 1499457648 3714937588 1794108651 115
1 162 1659756642 3941231208 3958272615 1674734822 1792813551 3663651547 1776308824 1633381992 115
1 163 1474488290 1785358149 3614135664 4058539377 4008276416 1583343693 1449581281 1776314604 115
1 164 3907507565 3722372076 4024035439 1231147363 3631375146 4059129687 1731260143 1632290544 115
1 165 3883130720 1389875674 1819001840 1807444077 1783458241 3520360295 3538838769 3328339046 115
1 166 1567451503 1909158097 3941164381 4167428446 4049069417 1877272425 3505218138 1894117991 115
1 167 1692556762 4066405075 2027084006 4049236842 3815297516 1768317652 1810751595 3981952748 115
1 168 1500538215 1624892657 1826712172 3916256095 1524523355 3655264874 1608802160 3941162314 115
1 169 3931695454 1777390434 3873757805 3604340312 4108411750 3722040663 1785163248 3781387244 115
1 170 1523597393 1767170378 1911546737 1592093801 1499195745 4049496406 1607754719 1885070050 115
1 171 3781421416 3924090468 1281845848 1877041384 3664571234 3815498214 3949878117 1650713455 115
1 172 1482780525 1575577431 1810947182 4099666001 3715198281 4116768996 3966688993 1650579565 115
1 173 1743047138 1810981600 3975604459 3839389526 1775266901 1826809970 3958168420 3527203812 115
1 174 1735155184 3748156773 1818160355 3922980064 3353732190 1776478548 3848726884 3865930341 115
1 175 1499656675 3865831774 3940311254 1634036569 1582655961 3790204520 1508664667 3932220379 115
1 176 3706613458 4033669080 1466196841 3722867040 1802295512 3789612526 3890145761 1666309488 115
1 177 1801865816 1534223212 1844042222 4058138600 1475175016 1802101846 3991166956 3571313388 115
1 178 1609090380 1500439153 1717689051 3966725864 3816085237 3806315225 1475074025 1802462829 115
1 179 3571899499 3796096739 3778798425 3866029286 4056968793 1693376739 3513341421 1844012381 115
1 180 3974679651 1793057648 3974622178 3931890157 1911707122 3664600658 3829884141 3831844689 115
1 181 1743024743 1483794545 1818915051 3664862060 1843356129 3939266779 3916232168 3949130605 115
1 182 1952209110 1893228761 1809896804 1523837157 1734274774 1809734746 3496505964 3596116446 115
1 183 3907416810 4015611735 4151962738 1894607856 3630167137 3453186934 3873531882 4075022072 114
1 184 4016370036 3925268700 1785423333 1752231248 1668440301 1793257202 3823559395 1676799855 115
1 185 3781586399 1834642286 3597785320 1139007965 971895017 1675453153 1801548918 3981135088 115
1 186 4210141941 2029645427 3883135200 1827957722 1800859878 3647434183 2046089465 3848924142 114
1 187 1692856536 1909843045 3907807316 3706216680 3941652329 3421751788 1609130218 987426152 115
1 188 1608625123 3277152499 3798812643 1869278070 3866252403 3555748548 1692588248 1609327985 115
1 189 1591954283 1785162589 3480409571 3882511947 3941769569 3831554114 1625745761 1298098482 115
1 190 1290232530 3915999716 3739872240 4032520030 1122522734 1692623078 1641669611 1799907560 115
1 191 3898826473 3940016868 1877074025 1558765672 3781059813 3907411056 3597429743 1063605105 115
1 192 1625418594 1826776254 3656082152 3832078045 3974748388 3705296233 1634360928 3865138522 115
1 193 1709634162 4015875424 1761013582 3907707994 3957903955 3958370409 1692680049 4076103927 115
1 194 3681250012 3654731246 3874245860 4099436890 3562038127 1740691029 3907708645 1793712347 115
1 195 3451875306 1718474087 1648382553 1751729381 4033571805 3872384102 1432087269 1676698477 115
1 196 1423469422 3747998950 4006704354 3798165742 3866162007 4031865712 1348232174 3932283629 115
1 197 3890833389 1575841253 1532715888 1751408746 1819405685 3689279207 1530655070 3974752107 115
1 198 1500603499 3763694566 1684331495 1591399880 3345278819 4033957977 1751540327 3520907621 115
1 199 1768054754 4082524014 1735378276 3907183860 3949553776 1643181020 3882537317 4083834717 115
1 200 1582878825 1852728796 1852273001 3765158870 1875177687 1819461227 3915047273 1765567715 115
1 201 3606277465 4050149731 3823101544 1784245738 3697897424 1441324394 3336328784 1297674836 115
1 202 1575311191 3881954029 1768351858 3186124122 1390862697 3755994858 4073578602 3664143458 115
1 203 1707107027 3671678310 1668471653 3513443932 3605394669 3865668210 1977312621 1802131304 115
1 204 1911450484 1852863730 3866740056 3946705250 2004087493 1651304173 3947525236 4066963555 114
1 205 1650705261 3966325986 3754648155 3923864043 3982352974 3521106385 1440766567 3932318192 115
1 206 1676537580 3848660318 3823920625 3748589040 1005677806 1826474970 1557654120 1886086003 115
1 207 1668140899 3829847518 1667649894 1759467977 3899344730 1507280348 3941231957 1725585762 115
1 208 1925990500 1851714531 1262639586 3328076910 1818422364 1935861989 3915541873 1726635230 115
1 209 3939554887 3682947928 3698022747 1651461108 3873597506 1307010887 1911352549 3916321461 115
1 210 3689078492 829288034 3823923282 1893821289 3990939608 1742300624 1792305899 1842567779 115
1 211 1893846241 1642490180 1642653419 1867082615 1617876585 3789511897 3814184550 3554930868 115
1 212 3713753066 1903128554 4033148515 3620461412 1239772397 4042812649 1751346019 3715198703 115
1 213 1540614386 1784474221 1927962088 1601069412 4075186661 3998931947 1030448599 1348366183 115
1 214 1786172258 1247239003 1819177069 3740035171 3655035367 3639372145 1811207010 3805795557 115
1 215 3664310635 3941460206 3630166505 1902238455 3211388261 3882052829 1584853838 3881986906 115
1 216 3815699298 1584391005 3790008673 4033075296 3790103787 3890995298 3796166897 979981665 115
1 217 1734569840 1710311269 3840472044 1568040426 1648584298 3823921354 1835066729 1784801520 115
1 218 1725029604 1751048907 3580651490 3866255715 1625873505 3916553709 1691412204 3612534878 115
1 219 1726410098 4142720488 1903323242 3706284504 1953658477 1785490932 3631083124 1634757998 114
1 220 3545657696 1819698921 3956303085 1826545257 1490373226 3962988511 3857872618 1708746212 115
1 221 1651045354 1700262375 4007812846 4016074721 3823885789 1600546419 3958531176 3713328601 115
1 222 1843623257 4009290985 3771920747 1961554879 3807144678 4148261491 1139765722 3815175146 114
1 223 3832632434 3705136090 3303697375 3806752991 711188975 3905580765 3664507751 1633932386 115
1 224 4040451313 1530914794 4050442096 3974980017 1945203043 1919117795 1792663394 1634692076 115
1 225 3839783146 1358000621 3647729256 1483074405 3956535910 3814840640 3655749304 1540546507 115
1 226 1852854878 3823758681 1861413858 3939195753 1500050123 3325159761 1844598747 3890146904 115
1 227 1850005352 3923888365 1750200545 1706250854 1876976183 1800788442 1675881433 3874058470 115
1 228 1005382884 3714444373 3714166630 3711558504 1768846056 1893755874 1725883975 3992050266 115
1 229 1608902119 4039827273 1131146445 1860591959 1626163936 1508273641 1900993635 727410162 115
1 230 1793647846 1886447068 1263070057 1659888110 1506953578 3966624101 4016792923 1659917805 115
1 231 1079798356 3788205160 3253759436 1751244514 3958074345 1212595035 1800494441 3874212702 115
1 232 1701796209 1289349452 1852328045 3975108441 1810590057 3815040599 3849053297 4033213553 115
1 233 3781940591 4041467877 3883031770 3502957296 1617453042 3814943089 3832274135 1558831828 115
1 234 1540220643 4000278638 3763400174 1700392663 3790399851 1381450603 3765556329 3696938603 115
1 235 3664401767 3453543513 4067257068 1767922539 3949808605 3807729504 1640621919 3790072163 115
1 236 3840079725 3529633517 1818585440 1886183137 3889945194 3931725547 1750846573 3469923185 115
1 237 3772247662 3781448417 3587791336 3353863023 3781870298 1617881576 3848954465 3954956011 115
1 238 1836174961 4042252651 3421462889 1876776176 3823460698 1776972145 1902264679 3530056301 115
1 239 3756088891 3563018988 1918362093 3916261609 1584517609 3958383212 4074989676 3747870047 115
1 240 1851741426 3764283348 3622494059 1877470694 3873596008 1827728586 3957782123 3638913509 115
1 241 3705919977 1617425393 1902633320 1985666159 1735350755 1742892517 1668114149 1699801824 115
1 242 1340790888 1484115056 4058834650 3588745065 3838428122 1893293275 1599987308 1549819375 115
1 243 3009800530 3891386341 1726407514 1566830940 1793910879 971199589 4014600037 3680950123 115
1 244 3916065889 3672166892 1709791694 1634102254 3386434401 4050709219 3848958936 3999886313 115
1 245 3739869659 1876586475 4033339209 3922155975 3723351527 1590915554 4066732125 4032655443 115
1 246 3714380139 1533177458 1817206766 1684367319 1499821136 3368802540 1659395044 1944414045 115
1 247 3983143660 3824309742 1633411024 1818482258 1752291422 3755274088 1651369822 1323781482 115
1 248 3999887199 1483037803 1843094759 3932287308 3991456984 3965546865 3924848352 3253694783 115
1 249 4058536290 3773950427 4000141919 1349120617 3874351573 4031041894 4098437867 3731482076 115
1 250 1935634027 1768221033 1441000420 3496141675 1775398897 1751245926 1542153975 4040847976 115
1 251 4091767781 3982584803 3328920548 3814191691 3663980011 3806785138 1709600080 1349249241 115
1 252 1851481940 3714311282 1675643600 1583538790 1818224218 3932319858 3597133532 1801448416 115
1 253 4033927408 3807374547 3916294377 4075450212 4083804759 1903028206 1223221607 1710156622 115
1 254 1659621998 3897874536 4091568358 1969414994 3848433648 1752002891 1484156367 3655100654 115
1 255 1902694752 1550149847 3890141770 1482773089 1785129964 1883629661 1558176601 1449585776 115
1 256 1617216231 3899810159 3697819469 1869179754 1659461749 1785061220 1667779697 3789752670 115
1 257 1532783468 3915407694 1104702569 4184435940 3915965167 3694318049 1852069201 1716971986 115
1 258 1096083553 3882639453 1668409821 4032719214 1842930921 1776243681 1499028577 1810547690 115
1 259 3991629284 1751115502 3789708649 886957926 3773850985 1936777043 1482876270 3420742993 115
1 260 1785127266 4025280870 4083707626 3998901084 1382214242 1818941023 3687017043 3991628397 115
1 261 2054386407 4143046003 1726641261 3388144490 3799870580 1509256151 635329229 2103926769 114
1 262 1668442476 1558567794 1810130155 1626172770 3949552089 1793937605 3981662952 4007752425 115
1 263 3211228386 3941099752 3504561123 1490744414 1833331952 1718874598 1701669485 4029999456 115
1 264 1617542074 1800560866 1826777952 3949785064 1508403681 3546340582 3378041325 1893492455 115
1 265 3311100019 1356619116 4039402330 3882478414 1382930132 3905842026 3907644905 1684653553 115
1 266 1883725419 4058049506 3956889703 3965184617 3948637150 1751411308 4023805802 3975179076 115
1 267 3806881128 3685961838 3832178000 3765132528 3823722204 1750288604 1556932667 1146119647 115
1 268 1768543680 1634165860 4074168047 1768253517 1340337117 4058077534 3621311065 3957452138 115
1 269 3975108719 2028334303 3948210921 3630985579 3438113495 3991169387 3687282027 1802688230 115
1 270 3815793005 4075384670 4007751395 3831620208 1534192365 1826451687 3412385896 3703497571 115
1 271 3622362087 3781226480 3814518491 3983924842 1231841900 3740162913 3948238570 3957878888 115
1 272 1818351207 1784929226 3689735019 1834313329 1743448411 4100679278 3948901231 3806454247 115
1 273 1777037810 3765198669 1743674097 1650141528 3713721443 1692985319 4083117650 1399906925 115
1 274 4024424034 1811149519 3798617321 4158940006 3932414064 1827042278 1576067306 3764286680 115
1 275 4066237541 1592582627 1155621219 1751181922 4008336353 4050312938 3949615855 3872516204 115
1 276 1676374247 3906953712 1734927715 1768516196 3529790561 1777363005 3939953382 3664473584 115
1 277 1849747828 3840569059 1517480548 3773913706 1525934698 1911483499 1273262169 3991201378 115
1 278 3797937136 3983467874 1925996901 1314939232 3655560038 3681088741 3924352499 3773904881 115
1 279 3589429867 1499297650 3998575987 3999656150 1919960030 3983696992 4185285987 3445319787 114
