M9 11420.64 8426.88 116.0 121.0 1.043
M9 11420.64 18849.6 116.0 123.0 1.06
M9 11420.64 21436.8 116.0 119.0 1.026
M9 12344.64 32746.56 116.0 122.0 1.052
M9 15116.64 9387.84 116.0 118.0 1.017
M9 15116.64 9461.76 116.0 117.0 1.009
M9 15116.64 9498.72 116.0 124.0 1.069
M9 15116.64 9535.68 116.0 128.0 1.103
M9 15116.64 9572.64 116.0 128.0 1.103
M9 15116.64 9609.6 116.0 125.0 1.078
M9 15116.64 9646.56 116.0 117.0 1.009
M9 15116.64 9683.52 116.0 118.0 1.017
M9 23321.76 29309.28 116.0 120.0 1.034
M9 23321.76 29346.24 116.0 120.0 1.034
M9 23321.76 29383.2 116.0 120.0 1.034
M9 23321.76 29420.16 116.0 120.0 1.034
M9 23321.76 29457.12 116.0 120.0 1.034
M9 23321.76 29494.08 116.0 120.0 1.034
M9 23321.76 29531.04 116.0 120.0 1.034
M9 23321.76 29568.0 116.0 120.0 1.034
M9 23321.76 29604.96 116.0 120.0 1.034
M9 23321.76 29641.92 116.0 120.0 1.034
M9 23321.76 29678.88 116.0 120.0 1.034
M9 23321.76 29715.84 116.0 120.0 1.034
