# k unit op tag real dispatch retire cost s2_disp s2_start s2_end dispatch_mismatch vm_checked mismatch stray
0 8 0 rope.table_row 0 475 579 104.2 169.0 181.0 285.2 0 0 0 0
1 8 0 swiglu.route_one 0 580 684 104.0 172.0 185.0 289.0 0 0 0 0
2 4 1 prenorm.attn 0 751 927 175.0 176.0 188.0 363.0 0 0 0 0
3 1 0 qkv 0 932 4351 3419.0 375.0 387.0 3806.0 0 0 0 0
4 8 0 row_scale_qkv.load 0 1008 1113 105.0 376.0 388.0 493.0 0 0 0 0
5 2 0 row_scale_qkv 1 4356 4411 61.0 3818.0 3830.0 3891.0 0 1536 0 0
6 4 1 qknorm.q 0 4415 4541 125.0 3903.0 3915.0 4040.0 0 0 0 0
7 4 1 qknorm.k 0 4543 4669 125.0 3904.0 4040.0 4165.0 0 0 0 0
8 2 0 rope 1 4674 4725 61.0 4177.0 4189.0 4250.0 0 1280 0 0
9 2 0 round_q 1 4716 4770 60.0 4178.0 4250.0 4310.0 0 1024 0 0
10 8 1 kv_append.K 0 4774 4804 30.0 4322.0 4334.0 4364.0 0 0 0 0
11 8 1 kv_append.V 0 4821 4851 30.0 4323.0 4338.0 4368.0 0 0 0 0
12 8 2 kv_fence 0 4852 4912 60.0 4324.0 4342.0 4402.0 0 0 0 0
13 5 0 attention_qk.kv0 0 4917 5577 660.1 4414.0 4426.0 5086.1 0 0 0 0
14 5 0 attention_qk.kv1 0 5578 6238 660.1 4415.0 5086.1 5746.3 0 0 0 0
15 2 0 softmax.max 1 6243 7354 238.0 5758.3 5770.3 6008.3 0 8 0 0
16 2 0 softmax.exp_sum 1 6311 8512 524.0 5759.3 6008.3 6532.3 0 65544 0 0
17 2 0 softmax.bf16_p 1 7355 9565 123.0 5760.3 6532.3 6655.3 0 65536 0 0
18 5 1 attention_pv.kv0 0 9569 10229 660.1 6667.3 6679.3 7339.4 0 0 0 0
19 5 1 attention_pv.kv1 0 10230 10890 660.1 6668.3 7339.4 7999.5 0 0 0 0
20 2 0 pv_normalize 1 10895 10958 78.0 8011.5 8023.5 8101.5 0 1024 0 0
21 1 0 o 0 10962 13357 2395.0 8113.5 8125.5 10520.5 0 0 0 0
22 6 0 all_reduce_o 0 13362 14713 1350.0 10532.5 10536.5 11886.5 0 0 0 0
23 8 0 row_scale_o.load 0 13402 13509 106.6 10533.5 10545.5 10652.1 0 0 0 0
24 2 0 row_scale_o+residual 1 14718 14813 63.0 11890.5 11902.5 11965.5 0 4096 0 0
25 4 1 prenorm.ffn 0 14817 14993 175.0 11977.5 11989.5 12164.5 0 0 0 0
26 1 0 gu 0 14998 27633 12635.0 12176.5 12188.5 24823.5 0 0 0 0
27 8 0 row_scale_gu.load 0 15038 15146 107.9 12177.5 12189.5 12297.4 0 0 0 0
28 2 0 row_scale_gu 1 27638 27765 65.0 24835.5 24847.5 24912.5 0 6144 0 0
29 3 0 swiglu 1 27769 27919 60.0 24924.5 24936.5 24996.5 0 3072 0 0
30 1 0 down 0 27923 34414 6491.0 25008.5 25020.5 31511.5 0 0 0 0
31 6 0 all_reduce_down 0 34419 35770 1350.0 31523.5 31527.5 32877.5 0 0 0 0
32 8 0 row_scale_down.load 0 34459 34566 106.6 31524.5 31536.5 31643.1 0 0 0 0
33 2 0 row_scale_down+residual 1 35775 35870 63.0 32881.5 32893.5 32956.5 0 4096 0 0
SUMMARY cycles 35525 token 0 status 0 dispatched 34/34 retired 34 dispatch_mismatch 0 final_vm_mismatch 0 final_hbm_mismatch 0 unloaded_hbm_reads 250
