M9 11420.64 3252.48 116.0 123.0 1.06
M9 11420.64 8389.92 116.0 125.0 1.078
M9 11420.64 8426.88 116.0 143.0 1.233
M9 11420.64 29272.32 116.0 118.0 1.017
M9 23321.76 29309.28 116.0 119.0 1.026
M9 23321.76 29346.24 116.0 120.0 1.034
M9 23321.76 29383.2 116.0 120.0 1.034
M9 23321.76 29420.16 116.0 120.0 1.034
M9 23321.76 29457.12 116.0 120.0 1.034
M9 23321.76 29494.08 116.0 120.0 1.034
M9 23321.76 29531.04 116.0 120.0 1.034
M9 23321.76 29568.0 116.0 120.0 1.034
M9 23321.76 29604.96 116.0 120.0 1.034
M9 23321.76 29641.92 116.0 119.0 1.026
