0 8 0 80000002 20000000 00000000 00000000 1 200401e20 128 0 0 0 0 0 0 0 0 0 1 3100 128 0 0 0 0 0 0 104.2 0 128 0 0 169 181 285.2 rope.table_row
1 8 0 80000002 20000000 00000000 00000000 1 200002000 1 0 0 0 0 0 0 0 0 0 1 3180 1 0 0 0 0 0 0 104.0 128 1 0 0 172 185 289.0 swiglu.route_one
2 4 1 40400002 60000020 358637bd 00000000 1 0 4096 1 402e07c00 4096 0 0 0 0 0 0 1 1000 4096 0 0 0 0 0 0 175.0 129 4096 0 0 176 188 363 prenorm.attn
3 1 0 10000402 60000003 00000000 00000000 1 1000 4096 1 400000000 4096 0 0 0 0 0 0 1 2000 1536 0 0 0 0 0 0 3419.0 4225 1536 0 0 375 387 3806 qkv
4 8 0 80000002 20000000 00000000 00000000 1 400600000 1536 0 0 0 0 0 0 0 0 0 1 26400 1536 0 0 0 0 0 0 105.0 5761 1536 0 0 376 388 493.0 row_scale_qkv.load
5 2 0 20004082 70000000 00000000 00000000 1 2000 1536 1 26400 1536 0 0 0 0 0 0 1 2600 1536 0 0 0 0 0 0 61.0 7297 1536 0 0 3818 3830 3891.0 row_scale_qkv
6 4 1 40400102 60002008 358637bd 00000000 1 2600 1024 1 402e0bc00 128 0 0 0 0 0 0 1 2c00 1024 0 0 0 0 0 0 125.0 8833 1024 0 0 3903.0 3915.0 4040.0 qknorm.q
7 4 1 40400002 60002002 358637bd 00000000 1 2a00 256 1 402e0bd00 128 0 0 0 0 0 0 1 3000 256 0 0 0 0 0 0 125.0 9857 256 0 0 3904.0 4040.0 4165.0 qknorm.k
8 2 0 20000403 70000000 00000000 00000000 1 2c00 128 1 3100 64 0 0 0 1 3140 64 1 3200 128 0 0 0 0 0 0 61.0 10113 1280 0 0 4177.0 4189.0 4250.0 rope
9 2 0 20000002 30000000 00000000 00000000 1 3200 1024 0 0 0 0 0 0 0 0 0 1 3700 1024 0 0 0 0 0 0 60.0 11393 1024 0 0 4178.0 4250.0 4310.0 round_q
10 8 1 80400102 20000000 00000000 00000000 1 3600 128 0 0 0 0 0 0 0 0 0 1 6000fff80 128 0 0 0 0 0 0 30.0 12417 0 0 1 4322.0 4334.0 4364.0 kv_append.K
11 8 1 80400002 20000000 00000000 00000000 1 2b00 128 0 0 0 0 0 0 0 0 0 1 6001fff80 128 0 0 0 0 0 0 30.0 12417 0 2097296 1 4323.0 4338.0 4368.0 kv_append.V
12 8 2 80800000 00000000 00000000 00000000 0 0 0 0 0 0 0 0 0 0 0 0 0 0 0 0 0 0 0 0 0 60.0 12417 0 4194592 0 4324.0 4342.0 4402.0 kv_fence
13 5 0 50004002 60000014 00000000 00000000 1 3700 128 1 600000000 8192 0 0 0 0 0 0 1 3b00 8192 0 0 0 0 0 0 660.1 12417 32768 4194592 0 4414.0 4426.0 5086.1 attention_qk.kv0
14 5 0 50000002 60000014 00000000 00000000 1 3900 128 1 600200000 8192 0 0 0 0 0 0 1 bb00 8192 0 0 0 0 0 0 660.1 45185 32768 4194592 0 4415.0 5086.1 5746.3 attention_qk.kv1
15 2 0 20000804 30000000 00000000 00000000 1 3b00 8192 0 0 0 0 0 0 0 0 0 0 0 0 1 23b00 1 0 0 0 238.0 77953 8 4194592 0 5758.3 5770.3 6008.3 softmax.max
16 2 0 20000006 70000000 00000000 00000000 1 3b00 8192 1 23b00 1 0 0 0 0 0 0 1 13b00 8192 1 23b80 1 0 0 0 524.0 77961 65544 4194592 0 5759.3 6008.3 6532.3 softmax.exp_sum
17 2 0 20000002 30000000 00000000 00000000 1 13b00 8192 0 0 0 0 0 0 0 0 0 1 13b00 8192 0 0 0 0 0 0 123.0 143505 65536 4194592 0 5760.3 6532.3 6655.3 softmax.bf16_p
18 5 1 50400102 60000014 00000000 00000000 1 13b00 8192 1 600100000 8192 0 0 0 0 0 0 1 23c00 128 0 0 0 0 0 0 660.1 209041 512 4194592 0 6667.3 6679.3 7339.4 attention_pv.kv0
19 5 1 50400002 60000014 00000000 00000000 1 1bb00 8192 1 600300000 8192 0 0 0 0 0 0 1 23e00 128 0 0 0 0 0 0 660.1 209553 512 4194592 0 6668.3 7339.4 7999.5 attention_pv.kv1
20 2 0 20000802 70000000 00000000 00000000 1 23c00 128 1 23b80 128 0 0 0 0 0 0 1 24000 128 0 0 0 0 0 0 78.0 210065 1024 4194592 0 8011.5 8023.5 8101.5 pv_normalize
21 1 0 10000102 60000003 00000000 00000000 1 24000 1024 1 400600c00 1024 0 0 0 0 0 0 1 24400 4096 0 0 0 0 0 0 2395.0 211089 4096 4194592 0 8113.5 8125.5 10520.5 o
22 6 0 60000082 20000000 00000000 00000000 1 24400 4096 0 0 0 0 0 0 0 0 0 1 25400 4096 0 0 0 0 0 0 1350.0 215185 4096 4194592 0 10532.5 10536.5 11886.5 all_reduce_o
23 8 0 80000002 20000000 00000000 00000000 1 400a00c00 4096 0 0 0 0 0 0 0 0 0 1 26400 4096 0 0 0 0 0 0 106.6 219281 4096 4194592 0 10533.5 10545.5 10652.1 row_scale_o.load
24 2 0 20005002 f0000000 00000000 00000000 1 25400 4096 1 26400 4096 1 0 4096 0 0 0 1 0 4096 0 0 0 0 0 0 63.0 223377 4096 4194592 0 11890.5 11902.5 11965.5 row_scale_o+residual
25 4 1 40400102 60000020 358637bd 00000000 1 0 4096 1 402e09c00 4096 0 0 0 0 0 0 1 1000 4096 0 0 0 0 0 0 175.0 227473 4096 4194592 0 11977.5 11989.5 12164.5 prenorm.ffn
26 1 0 10000402 60000003 00000000 00000000 1 1000 4096 1 400a02c00 4096 0 0 0 0 0 0 1 27c00 6144 0 0 0 0 0 0 12635.0 231569 6144 4194592 0 12176.5 12188.5 24823.5 gu
27 8 0 80000002 20000000 00000000 00000000 1 402202c00 6144 0 0 0 0 0 0 0 0 0 1 26400 6144 0 0 0 0 0 0 107.9 237713 6144 4194592 0 12177.5 12189.5 12297.4 row_scale_gu.load
28 2 0 20004082 70000000 00000000 00000000 1 27c00 6144 1 26400 6144 0 0 0 0 0 0 1 29400 6144 0 0 0 0 0 0 65.0 243857 6144 4194592 0 24835.5 24847.5 24912.5 row_scale_gu
29 3 0 30000102 e0000000 7f7fffff 00000000 1 29400 3072 1 2a000 3072 1 3180 3072 0 0 0 1 2ac00 3072 0 0 0 0 0 0 60.0 250001 3072 4194592 0 24924.5 24936.5 24996.5 swiglu
30 1 0 10000202 60000003 00000000 00000000 1 2ac00 3072 1 402205c00 3072 0 0 0 0 0 0 1 2b800 4096 0 0 0 0 0 0 6491.0 253073 4096 4194592 0 25008.5 25020.5 31511.5 down
31 6 0 60000082 20000000 00000000 00000000 1 2b800 4096 0 0 0 0 0 0 0 0 0 1 2c800 4096 0 0 0 0 0 0 1350.0 257169 4096 4194592 0 31523.5 31527.5 32877.5 all_reduce_down
32 8 0 80000002 20000000 00000000 00000000 1 402e05c00 4096 0 0 0 0 0 0 0 0 0 1 26400 4096 0 0 0 0 0 0 106.6 261265 4096 4194592 0 31524.5 31536.5 31643.1 row_scale_down.load
33 2 0 20005002 f0000000 00000000 00000000 1 2c800 4096 1 26400 4096 1 0 4096 0 0 0 1 0 4096 0 0 0 0 0 0 63.0 265361 4096 4194592 0 32881.5 32893.5 32956.5 row_scale_down+residual
