M9 13305.6 1478.4 116.0 124.0 1.069
M9 11457.6 1515.36 116.0 117.0 1.009
M9 13305.6 1515.36 116.0 128.0 1.103
M9 13305.6 1552.32 116.0 132.0 1.138
M9 13305.6 1589.28 116.0 134.0 1.155
M9 13305.6 1626.24 116.0 128.0 1.103
M9 13305.6 1663.2 116.0 122.0 1.052
M9 13305.6 1700.16 116.0 118.0 1.017
M9 11457.6 1995.84 116.0 139.0 1.198
M9 11457.6 2032.8 116.0 151.0 1.302
M9 11457.6 2069.76 116.0 153.0 1.319
M9 11457.6 2106.72 116.0 154.0 1.328
M9 11457.6 2143.68 116.0 155.0 1.336
M9 11457.6 2180.64 116.0 160.0 1.379
M9 13305.6 2180.64 116.0 117.0 1.009
M9 11457.6 2217.6 116.0 165.0 1.422
M9 13305.6 2217.6 116.0 126.0 1.086
M9 11457.6 2254.56 116.0 154.0 1.328
M9 13305.6 2254.56 116.0 122.0 1.052
M9 11457.6 2291.52 116.0 126.0 1.086
M9 13305.6 2291.52 116.0 130.0 1.121
M9 13305.6 2328.48 116.0 131.0 1.129
M9 13305.6 2365.44 116.0 121.0 1.043
M9 13305.6 2402.4 116.0 119.0 1.026
M9 5765.76 3732.96 112.0 116.0 1.036
M9 5765.76 3769.92 112.0 116.0 1.036
M9 5765.76 3806.88 112.0 116.0 1.036
M9 5765.76 3843.84 112.0 116.0 1.036
M9 5765.76 3880.8 112.0 116.0 1.036
M9 5765.76 3917.76 112.0 116.0 1.036
M9 5765.76 3954.72 112.0 116.0 1.036
M9 5765.76 3991.68 112.0 116.0 1.036
M9 5765.76 4028.64 112.0 116.0 1.036
M9 5765.76 4065.6 112.0 116.0 1.036
M9 5765.76 4102.56 112.0 116.0 1.036
M9 5765.76 4139.52 112.0 116.0 1.036
M9 5765.76 4176.48 112.0 116.0 1.036
M9 5765.76 4213.44 112.0 116.0 1.036
M9 5765.76 4250.4 112.0 116.0 1.036
M9 5765.76 4287.36 112.0 116.0 1.036
M9 5765.76 4324.32 112.0 116.0 1.036
M9 5765.76 4361.28 112.0 116.0 1.036
M9 13305.6 6615.84 116.0 118.0 1.017
M9 11457.6 6652.8 116.0 117.0 1.009
M9 13305.6 6652.8 116.0 127.0 1.095
M9 13305.6 6689.76 116.0 133.0 1.147
M9 13305.6 6726.72 116.0 132.0 1.138
M9 13305.6 6763.68 116.0 131.0 1.129
M9 13305.6 6800.64 116.0 130.0 1.121
M9 13305.6 6837.6 116.0 120.0 1.034
M9 11457.6 7133.28 116.0 126.0 1.086
M9 11457.6 7170.24 116.0 137.0 1.181
M9 11457.6 7207.2 116.0 135.0 1.164
M9 11457.6 7244.16 116.0 150.0 1.293
M9 11457.6 7281.12 116.0 155.0 1.336
M9 11457.6 7318.08 116.0 158.0 1.362
M9 11457.6 7355.04 116.0 166.0 1.431
M9 11457.6 7392.0 116.0 175.0 1.509
M9 11457.6 7428.96 116.0 163.0 1.405
M9 13305.6 7428.96 116.0 125.0 1.078
M9 11457.6 7465.92 116.0 142.0 1.224
M9 13305.6 7465.92 116.0 134.0 1.155
M9 11457.6 7502.88 116.0 122.0 1.052
M9 13305.6 7502.88 116.0 133.0 1.147
M9 11457.6 7539.84 116.0 117.0 1.009
M9 13305.6 7539.84 116.0 128.0 1.103
M9 13305.6 7576.8 116.0 125.0 1.078
M9 15190.56 9683.52 116.0 118.0 1.017
M9 13305.6 17149.44 116.0 119.0 1.026
M9 13305.6 17186.4 116.0 118.0 1.017
M9 13305.6 17925.6 116.0 119.0 1.026
M9 13305.6 22360.8 116.0 119.0 1.026
M9 13305.6 22397.76 116.0 121.0 1.043
M9 13305.6 22434.72 116.0 122.0 1.052
M9 13305.6 22471.68 116.0 117.0 1.009
M9 13305.6 22508.64 116.0 117.0 1.009
M9 11457.6 22952.16 116.0 128.0 1.103
M9 11457.6 22989.12 116.0 136.0 1.172
M9 11457.6 23026.08 116.0 136.0 1.172
M9 11457.6 23063.04 116.0 139.0 1.198
M9 11457.6 23100.0 116.0 134.0 1.155
M9 13305.6 23173.92 116.0 118.0 1.017
M9 13305.6 27535.2 116.0 120.0 1.034
M9 13305.6 27572.16 116.0 119.0 1.026
M9 13305.6 27609.12 116.0 119.0 1.026
M9 13305.6 27646.08 116.0 119.0 1.026
M9 11457.6 28015.68 116.0 118.0 1.017
M9 11457.6 28052.64 116.0 119.0 1.026
M9 11457.6 28089.6 116.0 122.0 1.052
M9 11457.6 28126.56 116.0 123.0 1.06
M9 11457.6 28163.52 116.0 133.0 1.147
M9 11457.6 28200.48 116.0 131.0 1.129
M9 11457.6 28237.44 116.0 137.0 1.181
M9 11457.6 28274.4 116.0 133.0 1.147
M9 13305.6 28311.36 116.0 123.0 1.06
M9 13305.6 28348.32 116.0 129.0 1.112
M9 13305.6 28385.28 116.0 124.0 1.069
M9 13305.6 28422.24 116.0 118.0 1.017
