M6 1330.56 9018.24 144.0 145.0 1.007
M7 12270.72 12381.6 144.0 145.0 1.007
M9 13379.52 1441.44 116.0 124.0 1.069
M9 13379.52 1478.4 116.0 127.0 1.095
M9 13379.52 1515.36 116.0 121.0 1.043
M9 11457.6 1995.84 116.0 120.0 1.034
M9 11457.6 2032.8 116.0 124.0 1.069
M9 11494.56 2032.8 116.0 129.0 1.112
M9 11457.6 2069.76 116.0 124.0 1.069
M9 11494.56 2069.76 116.0 130.0 1.121
M9 11457.6 2106.72 116.0 125.0 1.078
M9 11494.56 2106.72 116.0 134.0 1.155
M9 11457.6 2143.68 116.0 128.0 1.103
M9 11494.56 2143.68 116.0 138.0 1.19
M9 11457.6 2180.64 116.0 132.0 1.138
M9 11494.56 2180.64 116.0 133.0 1.147
M9 11457.6 2217.6 116.0 132.0 1.138
M9 11494.56 2217.6 116.0 132.0 1.138
M9 11457.6 2254.56 116.0 128.0 1.103
M9 11494.56 2254.56 116.0 122.0 1.052
M9 11457.6 2291.52 116.0 128.0 1.103
M9 11457.6 2328.48 116.0 130.0 1.121
M9 11494.56 2328.48 116.0 118.0 1.017
M9 11457.6 2365.44 116.0 129.0 1.112
M9 11494.56 2365.44 116.0 129.0 1.112
M9 11457.6 2402.4 116.0 129.0 1.112
M9 11494.56 2402.4 116.0 131.0 1.129
M9 11457.6 2439.36 116.0 128.0 1.103
M9 11494.56 2439.36 116.0 127.0 1.095
M9 11457.6 2476.32 116.0 124.0 1.069
M9 11494.56 2476.32 116.0 119.0 1.026
M9 11457.6 2513.28 116.0 128.0 1.103
M9 11457.6 2550.24 116.0 127.0 1.095
M9 11494.56 2550.24 116.0 125.0 1.078
M9 11457.6 2587.2 116.0 132.0 1.138
M9 11494.56 2587.2 116.0 136.0 1.172
M9 11457.6 2624.16 116.0 127.0 1.095
M9 11494.56 2624.16 116.0 142.0 1.224
M9 11457.6 2661.12 116.0 121.0 1.043
M9 11494.56 2661.12 116.0 137.0 1.181
M9 11494.56 2698.08 116.0 126.0 1.086
M9 13379.52 6504.96 116.0 123.0 1.06
M9 13379.52 6541.92 116.0 130.0 1.121
M9 13379.52 6578.88 116.0 128.0 1.103
M9 13379.52 6615.84 116.0 121.0 1.043
M9 11457.6 7170.24 116.0 121.0 1.043
M9 11494.56 7170.24 116.0 118.0 1.017
M9 11457.6 7207.2 116.0 130.0 1.121
M9 11494.56 7207.2 116.0 131.0 1.129
M9 11457.6 7244.16 116.0 137.0 1.181
M9 11494.56 7244.16 116.0 134.0 1.155
M9 11457.6 7281.12 116.0 136.0 1.172
M9 11494.56 7281.12 116.0 138.0 1.19
M9 11457.6 7318.08 116.0 130.0 1.121
M9 11494.56 7318.08 116.0 136.0 1.172
M9 11457.6 7355.04 116.0 128.0 1.103
M9 11494.56 7355.04 116.0 129.0 1.112
M9 11457.6 7392.0 116.0 126.0 1.086
M9 11494.56 7392.0 116.0 130.0 1.121
M9 11457.6 7428.96 116.0 130.0 1.121
M9 11494.56 7428.96 116.0 129.0 1.112
M9 11457.6 7465.92 116.0 135.0 1.164
M9 11494.56 7465.92 116.0 130.0 1.121
M9 11457.6 7502.88 116.0 138.0 1.19
M9 11494.56 7502.88 116.0 122.0 1.052
M9 11457.6 7539.84 116.0 132.0 1.138
M9 11457.6 7576.8 116.0 131.0 1.129
M9 11457.6 7613.76 116.0 128.0 1.103
M9 11494.56 7613.76 116.0 120.0 1.034
M9 11457.6 7650.72 116.0 135.0 1.164
M9 11494.56 7650.72 116.0 127.0 1.095
M9 11457.6 7687.68 116.0 139.0 1.198
M9 11494.56 7687.68 116.0 132.0 1.138
M9 11457.6 7724.64 116.0 139.0 1.198
M9 11494.56 7724.64 116.0 138.0 1.19
M9 11457.6 7761.6 116.0 133.0 1.147
M9 11494.56 7761.6 116.0 132.0 1.138
M9 11494.56 7798.56 116.0 118.0 1.017
M9 13379.52 17001.6 116.0 122.0 1.052
M9 13379.52 17038.56 116.0 132.0 1.138
M9 13379.52 17075.52 116.0 126.0 1.086
M9 13379.52 17112.48 116.0 128.0 1.103
M9 13379.52 17149.44 116.0 117.0 1.009
M9 13379.52 17223.36 116.0 117.0 1.009
M9 13379.52 17260.32 116.0 121.0 1.043
M9 11457.6 18036.48 116.0 119.0 1.026
M9 11457.6 18073.44 116.0 118.0 1.017
M9 11457.6 18480.0 116.0 118.0 1.017
M9 11457.6 18516.96 116.0 121.0 1.043
M9 11457.6 18553.92 116.0 119.0 1.026
M9 11457.6 18590.88 116.0 117.0 1.009
M9 11457.6 18627.84 116.0 118.0 1.017
M9 13379.52 22434.72 116.0 121.0 1.043
M9 13379.52 22471.68 116.0 123.0 1.06
M9 13379.52 22508.64 116.0 126.0 1.086
M9 13379.52 22545.6 116.0 126.0 1.086
M9 13379.52 22582.56 116.0 127.0 1.095
M9 13379.52 22619.52 116.0 117.0 1.009
M9 11457.6 23469.6 116.0 119.0 1.026
M9 11457.6 23506.56 116.0 125.0 1.078
M9 11457.6 23543.52 116.0 125.0 1.078
M9 13379.52 27461.28 116.0 122.0 1.052
M9 13379.52 27498.24 116.0 126.0 1.086
M9 13379.52 27535.2 116.0 121.0 1.043
M9 11457.6 28570.08 116.0 120.0 1.034
M9 11457.6 28607.04 116.0 117.0 1.009
M9 23469.6 29309.28 116.0 119.0 1.026
M9 23469.6 29346.24 116.0 120.0 1.034
M9 23469.6 29383.2 116.0 120.0 1.034
M9 23469.6 29420.16 116.0 120.0 1.034
M9 23469.6 29457.12 116.0 120.0 1.034
M9 23469.6 29494.08 116.0 120.0 1.034
M9 23469.6 29531.04 116.0 120.0 1.034
M9 23469.6 29568.0 116.0 120.0 1.034
M9 23469.6 29604.96 116.0 120.0 1.034
M9 23469.6 29641.92 116.0 120.0 1.034
M9 23469.6 29678.88 116.0 120.0 1.034
M9 23469.6 29715.84 116.0 120.0 1.034
M9 23469.6 29752.8 116.0 120.0 1.034
M9 23469.6 29789.76 116.0 120.0 1.034
M9 23469.6 29826.72 116.0 120.0 1.034
M9 23469.6 29863.68 116.0 120.0 1.034
M9 23469.6 29900.64 116.0 120.0 1.034
M9 23469.6 29937.6 116.0 120.0 1.034
M9 23469.6 29974.56 116.0 120.0 1.034
M9 23469.6 30011.52 116.0 120.0 1.034
M9 23469.6 30048.48 116.0 120.0 1.034
M9 23469.6 30085.44 116.0 120.0 1.034
M9 23469.6 30122.4 116.0 120.0 1.034
M9 23469.6 30159.36 116.0 120.0 1.034
M9 23469.6 30196.32 116.0 120.0 1.034
M9 23469.6 30233.28 116.0 120.0 1.034
M9 23469.6 30270.24 116.0 118.0 1.017
