0 2
0 3
0 5
0 8
0 9
0 10
0 11
0 14
0 15
0 16
0 17
0 20
0 23
0 24
0 26
0 29
0 30
0 32
0 35
0 36
0 37
0 38
0 41
0 44
0 45
0 50
0 51
0 53
0 56
0 57
0 58
0 59
0 62
0 63
1 0
1 1
1 4
1 6
1 7
1 12
1 13
1 18
1 19
1 21
1 22
1 25
1 27
1 28
1 31
1 33
1 34
1 39
1 40
1 42
1 43
1 46
1 47
1 48
1 49
1 52
1 54
1 55
1 60
1 61
2 0
2 1
2 4
2 6
2 7
2 12
2 13
2 18
2 19
2 21
2 22
2 25
2 27
2 28
2 31
2 33
2 34
2 39
2 40
2 42
2 43
2 46
2 47
2 48
2 49
2 52
2 54
2 55
2 60
2 61
3 2
3 3
3 5
3 8
3 9
3 10
3 11
3 14
3 15
3 16
3 17
3 20
3 23
3 24
3 26
3 29
3 30
3 32
3 35
3 36
3 37
3 38
3 41
3 44
3 45
3 50
3 51
3 53
3 56
3 57
3 58
3 59
3 62
3 63
4 0
4 1
4 4
4 6
4 7
4 12
4 13
4 18
4 19
4 21
4 22
4 25
4 27
4 28
4 31
4 33
4 34
4 39
4 40
4 42
4 43
4 46
4 47
4 48
4 49
4 52
4 54
4 55
4 60
4 61
5 0
5 1
5 4
5 6
5 7
5 12
5 13
5 18
5 19
5 21
5 22
5 25
5 27
5 28
5 31
5 33
5 34
5 39
5 40
5 42
5 43
5 46
5 47
5 48
5 49
5 52
5 54
5 55
5 60
5 61
6 2
6 3
6 5
6 8
6 9
6 10
6 11
6 14
6 15
6 16
6 17
6 20
6 23
6 24
6 26
6 29
6 30
6 32
6 35
6 36
6 37
6 38
6 41
6 44
6 45
6 50
6 51
6 53
6 56
6 57
6 58
6 59
6 62
6 63
7 0
7 1
7 4
7 6
7 7
7 12
7 13
7 18
7 19
7 21
7 22
7 25
7 27
7 28
7 31
7 33
7 34
7 39
7 40
7 42
7 43
7 46
7 47
7 48
7 49
7 52
7 54
7 55
7 60
7 61
