0 619 210
1 542 161
15 471 98
16 538 198
17 434 55
511 609 178
512 445 52
513 552 138
1023 590 195
1024 436 70
1025 438 47
2047 452 51
2048 446 49
8191 449 45
8192 442 57
65535 677 265
65536 527 123
131071 456 57
131072 438 104
151551 438 46
151552 617 206
151919 712 273
151920 444 48
151934 551 229
151935 450 49
76595 444 44
11889 437 50
114972 445 44
62941 436 44
40183 468 71
73349 613 196
22734 590 227
56311 564 159
81357 516 120
57300 470 72
107388 435 102
31922 444 60
148568 436 63
122472 449 52
7283 447 70
104562 435 44
95576 439 64
58866 618 174
62205 443 46
75139 591 186
118080 630 182
15701 435 50
50505 435 44
24546 437 45
144947 566 153
76070 460 45
106342 440 75
129462 435 45
121575 437 73
121293 435 45
15246 435 49
2172 483 172
92491 440 46
20437 439 129
128543 452 54
16665 434 61
86263 437 44
151644 458 66
138442 436 54
17629 516 114
83229 706 273
33832 449 45
91710 438 45
13693 438 58
21493 435 77
31371 436 47
76987 443 101
52533 437 47
66041 473 85
44580 438 56
22197 444 46
71456 441 48
1423 445 54
50532 493 79
28046 437 47
4566 448 48
138675 440 47
112242 448 51
7141 441 46
18486 435 45
136586 587 179
21760 464 72
112880 437 65
25982 456 44
11125 442 49
113224 527 123
37179 609 175
47640 435 46
84185 450 97
114477 585 171
19301 436 51
78351 439 48
76236 459 80
94124 548 145
30344 452 109
150461 438 73
95130 434 47
10550 435 45
63084 449 52
49612 439 49
122006 638 211
77935 435 47
70169 493 84
35441 436 45
4257 488 72
64330 436 46
145809 435 73
26085 439 56
69757 544 136
1094 435 49
122392 453 46
68804 592 187
134238 449 53
61010 443 57
87302 457 51
31720 529 176
139476 471 124
75391 437 51
80315 440 45
10623 448 139
74189 437 44
16199 476 173
135165 456 85
16678 446 46
10184 469 85
92138 451 59
26127 452 54
3311 493 98
116714 590 180
16820 597 190
109316 439 44
125587 447 57
56905 444 54
97013 436 56
38177 437 55
66080 438 44
55084 442 103
38628 446 44
108351 436 46
107643 505 105
40934 443 47
54811 437 53
80478 437 47
133267 582 169
13617 435 61
36545 438 54
51548 557 237
35944 622 200
120232 449 48
94241 515 191
63118 453 58
79538 437 54
33902 437 132
12137 450 55
71998 0 0
