0 508 121
1 436 60
15 450 83
16 436 47
17 465 149
511 437 46
512 453 62
513 492 162
1023 595 179
1024 447 54
1025 491 94
2047 480 160
2048 436 45
8191 442 54
8192 493 171
65535 590 179
65536 453 71
131071 580 171
131072 452 56
151551 752 311
151552 617 271
151919 444 44
151920 482 80
151934 438 45
151935 623 178
76595 435 49
11889 506 191
114972 441 57
62941 436 47
40183 700 283
73349 449 75
22734 436 46
56311 519 141
81357 473 141
57300 469 79
107388 443 73
31922 439 48
148568 438 55
122472 436 44
7283 508 107
104562 437 49
95576 594 184
58866 455 60
62205 502 199
75139 452 45
118080 626 294
15701 438 55
50505 496 75
24546 438 46
144947 717 274
76070 437 44
106342 436 45
129462 436 66
121575 437 58
121293 435 53
15246 509 193
2172 439 50
92491 476 173
20437 469 78
128543 442 44
16665 439 57
86263 599 181
151644 435 44
138442 437 74
17629 434 59
83229 436 54
33832 437 83
91710 440 47
13693 439 126
21493 586 192
31371 468 86
76987 453 44
52533 435 53
66041 472 76
44580 439 45
22197 451 46
71456 436 79
1423 448 47
50532 445 52
28046 436 44
4566 733 273
138675 455 73
112242 676 245
7141 435 52
18486 452 48
136586 450 72
21760 643 313
112880 595 274
25982 437 76
11125 437 45
113224 591 175
37179 447 45
47640 708 274
84185 536 129
114477 448 71
19301 586 179
78351 437 72
76236 442 57
94124 608 171
30344 489 179
150461 624 178
95130 440 81
10550 669 238
63084 566 160
49612 451 70
122006 464 72
77935 435 44
70169 592 177
35441 435 44
4257 456 46
64330 435 45
145809 555 150
26085 438 45
69757 438 71
1094 438 59
122392 503 180
68804 446 45
134238 887 497
61010 615 182
87302 438 69
31720 436 72
139476 436 47
75391 649 231
80315 435 70
10623 622 286
74189 436 46
16199 479 175
135165 483 76
16678 587 181
10184 468 70
92138 483 163
26127 520 116
3311 594 194
116714 593 177
16820 592 183
109316 434 60
125587 459 156
56905 466 72
97013 437 126
38177 437 55
66080 438 44
55084 442 103
38628 446 44
108351 436 46
107643 505 104
40934 443 47
54811 437 53
80478 437 47
133267 581 169
13617 436 45
36545 437 53
51548 558 237
35944 586 175
120232 435 53
94241 436 80
63118 580 165
79538 436 56
33902 444 139
12137 448 51
71998 0 0
