0 452 71
1 467 71
15 486 85
16 467 70
17 468 71
511 435 45
512 445 44
513 435 44
1023 436 44
1024 480 74
1025 488 87
2047 436 47
2048 750 299
8191 436 55
8192 595 253
65535 437 46
65536 468 71
131071 436 45
131072 468 71
151551 436 45
151552 522 118
151919 452 44
151920 440 139
151934 435 51
151935 449 44
76595 435 51
11889 437 47
114972 435 57
62941 434 44
40183 477 71
73349 612 191
22734 467 70
56311 435 59
81357 436 44
57300 437 44
107388 436 58
31922 467 85
148568 477 70
122472 435 48
7283 743 300
104562 487 72
95576 465 162
58866 435 51
62205 436 45
75139 435 45
118080 435 44
15701 436 45
50505 435 44
24546 438 44
144947 437 44
76070 449 44
106342 728 273
129462 437 45
121575 435 44
121293 435 44
15246 436 50
2172 467 70
92491 447 45
20437 436 45
128543 454 61
16665 435 57
86263 754 310
151644 480 74
138442 468 71
17629 472 71
83229 435 61
33832 550 141
91710 437 49
13693 437 100
21493 437 60
31371 575 162
76987 468 86
52533 446 45
66041 436 50
44580 437 44
22197 444 48
71456 436 101
1423 446 45
50532 441 45
28046 437 44
4566 436 71
138675 454 71
112242 440 45
7141 436 44
18486 467 70
136586 435 71
21760 434 44
112880 757 314
25982 562 238
11125 436 53
113224 456 56
37179 446 45
47640 436 45
84185 750 320
114477 442 48
19301 439 140
78351 442 45
76236 436 61
94124 437 44
30344 455 44
150461 572 167
95130 436 44
10550 435 51
63084 649 221
49612 435 71
122006 469 71
77935 738 300
70169 437 45
35441 442 116
4257 469 71
64330 454 44
145809 436 44
26085 436 44
69757 654 226
1094 506 186
122392 640 213
68804 467 84
134238 474 86
61010 436 44
87302 435 57
31720 436 44
139476 524 120
75391 436 44
80315 435 70
10623 435 45
74189 434 44
16199 437 45
135165 442 44
16678 436 44
10184 436 45
92138 437 44
26127 438 45
3311 485 70
116714 470 92
16820 435 81
109316 478 179
125587 436 45
56905 436 45
97013 436 45
38177 435 45
66080 454 47
55084 436 45
38628 437 60
108351 444 45
107643 482 86
40934 436 45
54811 450 54
80478 442 44
133267 789 311
13617 441 44
36545 437 57
51548 449 45
35944 467 70
120232 454 45
94241 645 218
63118 437 44
79538 452 44
33902 467 70
12137 526 121
71998 0 0
