0 200000 0
1 478 71
15 468 71
16 473 70
17 467 70
511 435 45
512 437 44
513 435 54
1023 444 44
1024 467 70
1025 467 70
2047 438 44
2048 739 300
8191 440 44
8192 468 71
65535 558 223
65536 467 84
131071 437 44
131072 468 71
151551 436 45
151552 618 197
151919 453 45
151920 440 138
151934 435 51
151935 449 45
76595 435 51
11889 437 46
114972 434 56
62941 435 45
40183 477 71
73349 612 191
22734 467 70
56311 436 58
81357 435 61
57300 437 44
107388 436 57
31922 468 85
148568 476 71
122472 437 47
7283 741 298
104562 486 72
95576 465 162
58866 436 52
62205 436 44
75139 437 44
118080 434 44
15701 435 44
50505 435 44
24546 437 44
144947 438 45
76070 449 44
106342 727 273
129462 435 45
121575 435 44
121293 434 44
15246 435 45
2172 467 70
92491 449 45
20437 436 45
128543 454 45
16665 435 59
86263 757 313
151644 480 74
138442 467 71
17629 472 70
83229 436 44
33832 550 141
91710 437 48
13693 436 100
21493 435 61
31371 578 164
76987 468 86
52533 446 45
66041 435 49
44580 437 45
22197 445 48
71456 437 100
1423 445 44
50532 441 45
28046 436 44
4566 436 70
138675 454 71
112242 440 44
7141 437 45
18486 467 70
136586 435 71
21760 437 44
112880 753 311
25982 563 238
11125 435 53
113224 435 56
37179 435 45
47640 447 53
84185 759 313
114477 440 58
19301 454 152
78351 442 45
76236 435 61
94124 436 45
30344 457 45
150461 572 166
95130 436 44
10550 435 51
63084 649 220
49612 435 70
122006 468 71
77935 731 297
70169 440 45
35441 442 119
4257 468 71
64330 435 44
145809 436 44
26085 436 44
69757 679 246
1094 506 185
122392 639 213
68804 468 85
134238 474 85
61010 437 44
87302 436 56
31720 437 44
139476 521 117
75391 435 45
80315 436 70
10623 435 44
74189 436 44
16199 437 45
135165 445 44
16678 435 45
10184 437 45
92138 437 44
26127 437 45
3311 483 71
116714 468 90
16820 435 81
109316 478 179
125587 436 44
56905 436 44
97013 436 44
38177 435 45
66080 453 47
55084 436 45
38628 437 61
108351 444 45
107643 480 86
40934 436 45
54811 449 57
80478 446 45
133267 791 314
13617 440 50
36545 436 56
51548 449 45
35944 467 70
120232 454 45
94241 644 218
63118 437 45
79538 452 44
33902 467 70
12137 527 121
71998 0 0
