0 474 93
1 436 45
15 436 45
16 435 50
17 436 57
511 435 45
512 435 44
513 435 44
1023 436 44
1024 435 44
1025 435 44
2047 435 45
2048 446 45
8191 447 45
8192 702 271
65535 437 44
65536 436 45
131071 436 45
131072 436 45
151551 436 45
151552 435 44
151919 447 45
151920 436 44
151934 435 49
151935 447 44
76595 435 51
11889 437 45
114972 435 57
62941 434 44
40183 436 45
73349 456 44
22734 437 60
56311 436 45
81357 436 45
57300 730 272
107388 448 45
31922 493 186
148568 435 45
122472 436 44
7283 436 45
104562 448 56
95576 436 45
58866 735 273
62205 435 45
75139 438 44
118080 437 45
15701 436 45
50505 435 44
24546 437 44
144947 525 201
76070 435 61
106342 436 45
129462 436 57
121575 451 61
121293 436 60
15246 524 120
2172 436 45
92491 449 45
20437 437 44
128543 456 45
16665 435 59
86263 435 45
151644 434 44
138442 596 270
17629 435 58
83229 434 50
33832 436 45
91710 446 57
13693 441 44
21493 437 44
31371 435 45
76987 436 44
52533 435 45
66041 454 57
44580 437 45
22197 437 44
71456 436 45
1423 617 281
50532 435 44
28046 436 56
4566 447 70
138675 436 70
112242 455 45
7141 434 45
18486 435 44
136586 435 71
21760 447 44
112880 464 71
25982 436 45
11125 455 45
113224 435 44
37179 435 45
47640 436 45
84185 446 44
114477 437 44
19301 707 269
78351 439 45
76236 436 45
94124 464 153
30344 444 56
150461 435 44
95130 435 45
10550 434 59
63084 445 47
49612 435 71
122006 589 261
77935 436 45
70169 435 44
35441 435 44
4257 451 45
64330 435 44
145809 864 480
26085 436 45
69757 450 59
1094 441 57
122392 436 45
68804 436 45
134238 567 155
61010 443 60
87302 436 45
31720 436 44
139476 442 45
75391 436 44
80315 443 70
10623 440 44
74189 704 274
16199 437 47
135165 437 52
16678 436 58
10184 436 53
92138 495 112
26127 436 58
3311 436 45
116714 435 57
16820 436 70
109316 710 273
125587 436 44
56905 436 44
97013 496 194
38177 731 274
66080 436 45
55084 437 45
38628 436 44
108351 436 47
107643 441 45
40934 436 45
54811 445 47
80478 443 60
133267 436 61
13617 436 44
36545 453 44
51548 436 55
35944 437 56
120232 435 44
94241 435 44
63118 436 45
79538 436 44
33902 437 57
12137 436 44
71998 0 0
