0 451 73
1 467 71
15 470 71
16 469 71
17 756 298
511 436 50
512 437 44
513 436 45
1023 436 44
1024 472 70
1025 486 86
2047 436 47
2048 547 138
8191 435 45
8192 468 71
65535 440 44
65536 468 70
131071 437 44
131072 738 300
151551 436 49
151552 467 71
151919 436 44
151920 435 55
151934 436 45
151935 441 45
76595 435 47
11889 442 45
114972 435 49
62941 434 52
40183 474 71
73349 438 57
22734 467 70
56311 747 285
81357 437 44
57300 437 45
107388 435 57
31922 467 85
148568 477 71
122472 435 48
7283 762 314
104562 477 79
95576 435 45
58866 437 44
62205 436 44
75139 439 44
118080 443 44
15701 436 47
50505 435 44
24546 437 44
144947 436 45
76070 453 45
106342 437 55
129462 435 44
121575 436 45
121293 437 44
15246 436 48
2172 467 70
92491 449 45
20437 437 45
128543 454 44
16665 435 58
86263 543 135
151644 468 70
138442 467 84
17629 469 71
83229 453 44
33832 471 77
91710 437 49
13693 437 100
21493 437 60
31371 479 69
76987 468 70
52533 435 45
66041 445 45
44580 436 44
22197 437 54
71456 436 45
1423 435 45
50532 435 44
28046 434 44
4566 436 44
138675 445 45
112242 438 49
7141 436 64
18486 467 71
136586 435 45
21760 456 44
112880 760 312
25982 435 45
11125 456 44
113224 435 44
37179 437 45
47640 436 45
84185 740 300
114477 435 44
19301 437 50
78351 437 45
76236 453 47
94124 438 51
30344 439 45
150461 738 274
95130 440 48
10550 435 45
63084 704 272
49612 437 44
122006 470 75
77935 747 300
70169 454 61
35441 450 59
4257 468 70
64330 434 44
145809 436 44
26085 436 44
69757 684 250
1094 468 72
122392 438 62
68804 466 70
134238 469 70
61010 437 54
87302 435 44
31720 436 47
139476 759 313
75391 436 44
80315 436 44
10623 436 44
74189 435 44
16199 437 45
135165 448 44
16678 435 44
10184 436 44
92138 437 44
26127 437 45
3311 488 71
116714 463 92
16820 435 61
109316 435 45
125587 435 45
56905 436 44
97013 435 56
38177 435 45
66080 435 45
55084 436 45
38628 454 44
108351 436 45
107643 467 70
40934 447 45
54811 436 44
80478 436 45
133267 760 323
13617 435 47
36545 436 44
51548 436 45
35944 467 70
120232 450 45
94241 758 313
63118 443 44
79538 437 44
33902 467 70
12137 471 70
71998 0 0
