# k unit op tag real dispatch retire cost s2_disp s2_start s2_end dispatch_mismatch vm_checked mismatch stray
0 4 0 attn_norm 1 584 597 649.3 173.0 185.0 834.3 0 5120 5120 0
1 1 0 wkv 0 -1 -1 185.0 846.3 858.3 1043.3 0 0 0 0
2 1 0 wq_a 0 -1 -1 185.0 847.3 1043.3 1228.3 0 0 0 0
3 6 1 x_projections_gather.qa 0 -1 -1 382.7 1240.3 1244.3 1627.0 0 0 0 0
4 2 0 q_norm.ss 0 -1 -1 164.0 1631.0 1643.0 1807.0 0 0 0 0
5 8 0 q_norm.gain 0 -1 -1 105.6 1632.0 1644.0 1749.7 0 0 0 0
6 6 1 x_projections_gather.kvraw 0 -1 -1 382.7 1633.0 1637.0 2019.8 0 0 0 0
7 8 0 kv_norm.gain 0 -1 -1 104.6 1634.0 1648.0 1752.7 0 0 0 0
8 2 0 q_norm.rs 0 -1 -1 152.0 1635.0 1807.0 1959.0 0 0 0 0
9 8 0 kv_rope.table 0 -1 -1 104.1 1636.0 1652.0 1756.1 0 0 0 0
10 2 0 q_norm.y 0 -1 -1 61.0 1768.1 1959.0 2020.0 0 0 0 0
11 1 0 wq_b__head-aligned:_head_h_on_die_h_ 0 -1 -1 387.0 2032.0 2044.0 2431.1 0 0 0 0
12 2 0 kv_norm.ss 0 -1 -1 151.0 2033.0 2045.0 2196.1 0 0 0 0
13 2 0 kv_norm.rs 0 -1 -1 152.0 2034.0 2196.1 2348.1 0 0 0 0
14 2 0 kv_norm.y 0 -1 -1 60.0 2035.0 2348.1 2408.1 0 0 0 0
15 2 0 kv_rope.tail 0 -1 -1 60.0 2036.0 2408.1 2468.1 0 0 0 0
16 4 4 kv_row_qdq 0 -1 -1 24.0 2480.1 2491.1 2515.1 0 0 0 0
17 8 3 window_row_append 0 -1 -1 60.0 2526.1 2538.1 2598.1 0 0 0 0
18 2 0 q_rope.tail 0 -1 -1 60.0 2527.1 2539.1 2599.1 0 0 0 0
19 5 0 attend.qk 0 -1 -1 147.1 2611.1 2623.1 2770.2 0 0 0 0
20 2 0 attend.max 0 -1 -1 139.0 2782.2 2794.2 2933.2 0 0 0 0
21 2 0 attend.exp_sum 0 -1 -1 233.0 2783.2 2933.2 3166.2 0 0 0 0
22 8 0 attend.sink_table 0 -1 -1 104.0 2784.2 2796.2 2900.2 0 0 0 0
23 2 0 attend.bf16_p 0 -1 -1 60.0 2785.2 3166.2 3226.2 0 0 0 0
24 5 1 attend.pv 0 -1 -1 147.1 3238.2 3250.2 3397.3 0 0 0 0
25 2 0 attend.den 0 -1 -1 154.0 3239.2 3251.2 3405.2 0 0 0 0
26 2 0 attend.norm 0 -1 -1 76.0 3409.3 3421.3 3497.3 0 0 0 0
27 2 0 attend.inv_rope.tail 0 -1 -1 60.0 3410.3 3497.3 3557.3 0 0 0 0
28 1 0 wo_a_K-split:_the_die_s_head_against_its_o-group_s_1_024_rows 0 -1 -1 394.0 3569.3 3581.3 3975.3 0 0 0 0
29 6 4 o-group_tree_reduce__8_contributors__+_multicast 0 -1 -1 1325.9 3987.3 3991.3 5317.3 0 0 0 0
30 10 0 hc_attn__mixes_+_Sinkhorn_ 0 -1 -1 1160.0 3988.3 4000.3 5160.3 0 0 0 0
31 2 0 attn.res_copy 0 -1 -1 79.0 3989.3 4001.3 4080.3 0 0 0 0
32 1 0 wo_b 0 -1 -1 273.0 5321.3 5333.3 5606.3 0 0 0 0
33 6 1 attn_out_gather.y 0 -1 -1 788.5 5618.3 5622.3 6410.8 0 0 0 0
34 4 2 hc_post_attn 0 -1 -1 222.7 6414.8 6426.8 6649.5 0 0 0 0
35 4 0 ffn_norm 0 -1 -1 649.3 6415.8 6649.5 7298.8 0 0 0 0
36 1 0 router_gate 0 -1 -1 246.0 7310.8 7322.8 7568.8 0 0 0 0
37 2 0 router_act 0 -1 -1 339.0 7580.8 7592.8 7931.8 0 0 0 0
38 6 1 router_gather.gsc 0 -1 -1 765.4 7943.8 7947.8 8713.2 0 0 0 0
39 8 0 route.bias 0 -1 -1 104.5 7944.8 7956.8 8061.3 0 0 0 0
40 2 0 route.scores_bias 0 -1 -1 60.0 8717.2 8729.2 8789.2 0 0 0 0
41 9 2 route.top6 0 -1 -1 283.0 8801.2 8818.2 9101.2 0 0 0 0
42 2 0 route.gather0 0 -1 -1 60.0 9146.2 9158.2 9218.2 0 0 0 0
43 2 0 route.gather1 0 -1 -1 60.0 9147.2 9218.2 9278.2 0 0 0 0
44 2 0 route.gather2 0 -1 -1 60.0 9148.2 9278.2 9338.2 0 0 0 0
45 2 0 route.gather3 0 -1 -1 60.0 9149.2 9338.2 9398.2 0 0 0 0
46 8 0 route.one 0 -1 -1 104.0 9150.2 9162.2 9266.2 0 0 0 0
47 1 0 expert_slot_0_w1 0 -1 -1 162.0 9151.2 9163.2 9325.2 0 0 0 0
48 2 0 route.gather4 0 -1 -1 60.0 9158.2 9398.2 9458.2 0 0 0 0
49 2 0 route.gather5 0 -1 -1 60.0 9218.2 9458.2 9518.2 0 0 0 0
50 2 0 route.total 0 -1 -1 115.0 9278.2 9518.2 9633.2 0 0 0 0
51 1 0 expert_slot_6_w1 0 -1 -1 40.0 9279.2 9325.2 9365.2 0 0 0 0
52 1 0 expert_slot_6_w3 0 -1 -1 40.0 9280.2 9365.2 9405.2 0 0 0 0
53 1 0 expert_slot_0_w3 0 -1 -1 24.0 9281.2 9405.2 9429.2 0 0 0 0
54 1 0 expert_slot_1_w1 0 -1 -1 24.0 9282.2 9429.2 9453.2 0 0 0 0
55 1 0 expert_slot_1_w3 0 -1 -1 24.0 9325.2 9453.2 9477.2 0 0 0 0
56 1 0 expert_slot_2_w1 0 -1 -1 24.0 9365.2 9477.2 9501.2 0 0 0 0
57 1 0 expert_slot_2_w3 0 -1 -1 24.0 9405.2 9501.2 9525.2 0 0 0 0
58 2 0 route.den 0 -1 -1 60.0 9406.2 9633.2 9693.2 0 0 0 0
59 1 0 expert_slot_3_w1 0 -1 -1 24.0 9429.2 9525.2 9549.2 0 0 0 0
60 1 0 expert_slot_3_w3 0 -1 -1 24.0 9453.2 9549.2 9573.2 0 0 0 0
61 1 0 expert_slot_4_w1 0 -1 -1 24.0 9477.2 9573.2 9597.2 0 0 0 0
62 1 0 expert_slot_4_w3 0 -1 -1 24.0 9501.2 9597.2 9621.2 0 0 0 0
63 1 0 expert_slot_5_w1 0 -1 -1 24.0 9525.2 9621.2 9645.2 0 0 0 0
64 2 0 route.weights 0 -1 -1 75.0 9526.2 9693.2 9768.2 0 0 0 0
65 1 0 expert_slot_5_w3 0 -1 -1 24.0 9549.2 9645.2 9669.2 0 0 0 0
66 2 0 swiglu 0 -1 -1 181.0 9681.2 9768.2 9949.2 0 0 0 0
67 6 1 expert_intermediate_gather.s5 0 -1 -1 126.2 9961.2 9965.2 10091.4 0 0 0 0
68 6 1 expert_intermediate_gather.s4 0 -1 -1 126.2 9962.2 10091.4 10217.7 0 0 0 0
69 6 1 expert_intermediate_gather.s3 0 -1 -1 126.2 9963.2 10217.7 10343.9 0 0 0 0
70 10 0 hc_ffn__mixes_+_Sinkhorn_ 0 -1 -1 1160.0 9964.2 9976.2 11136.2 0 0 0 0
71 6 1 expert_intermediate_gather.s0 0 -1 -1 126.2 9965.2 10343.9 10470.1 0 0 0 0
72 1 0 expert_slot_0_w2 0 -1 -1 32.0 10474.1 10486.1 10518.1 0 0 0 0
73 6 1 expert_intermediate_gather.s1 0 -1 -1 126.2 10475.1 10479.1 10605.3 0 0 0 0
74 6 1 expert_intermediate_gather.s2 0 -1 -1 126.2 10476.1 10605.3 10731.5 0 0 0 0
75 1 0 expert_slot_3_w2 0 -1 -1 32.0 10477.1 10518.1 10550.1 0 0 0 0
76 1 0 expert_slot_4_w2 0 -1 -1 32.0 10478.1 10550.1 10582.1 0 0 0 0
77 1 0 expert_slot_5_w2 0 -1 -1 32.0 10479.1 10582.1 10614.1 0 0 0 0
78 1 0 expert_slot_1_w2 0 -1 -1 32.0 10735.5 10747.5 10779.5 0 0 0 0
79 6 1 expert_intermediate_gather.s6 0 -1 -1 126.2 10736.5 10740.5 10866.8 0 0 0 0
80 2 0 moe_sum.0 0 -1 -1 60.0 10791.5 10803.5 10863.5 0 0 0 0
81 1 0 expert_slot_2_w2 0 -1 -1 32.0 10792.5 10804.5 10836.5 0 0 0 0
82 2 0 moe_sum.2 0 -1 -1 60.0 10848.5 10863.5 10923.5 0 0 0 0
83 1 0 expert_slot_6_w2 0 -1 -1 48.0 10870.8 10882.8 10930.8 0 0 0 0
84 2 0 moe_sum.4 0 -1 -1 60.0 10871.8 10923.5 10983.5 0 0 0 0
85 2 0 moe_sum.6 0 -1 -1 60.0 10942.8 10983.5 11043.5 0 0 0 0
86 6 1 ffn_out_gather.yf 0 -1 -1 788.5 11055.5 11059.5 11848.1 0 0 0 0
87 2 0 ffn.res_copy 0 -1 -1 79.0 11056.5 11068.5 11147.5 0 0 0 0
88 8 2 routed-expert_slices_HBM_-__SMEM__descriptors_after_the_router__B2___weights_read_in_place_through_C3b_ 0 -1 -1 60.0 11057.5 11069.5 11129.5 0 0 0 0
89 2 0 pre__-_ffn_mix_pre 0 -1 -1 60.0 11148.2 11160.2 11220.2 0 0 0 0
90 4 2 hc_post_ffn 0 -1 -1 222.7 11852.1 11864.1 12086.7 0 0 0 0
SUMMARY cycles 400585 token -1 status 15 dispatched 1/91 retired 1 dispatch_mismatch 0 final_vm_mismatch 91314 final_hbm_mismatch 992 unloaded_hbm_reads 0
