M6 11531.52 17371.2 144.0 146.0 1.014
M9 13379.52 1404.48 116.0 126.0 1.086
M9 13379.52 1441.44 116.0 140.0 1.207
M9 13379.52 1478.4 116.0 149.0 1.284
M9 13379.52 1515.36 116.0 153.0 1.319
M9 13379.52 1552.32 116.0 151.0 1.302
M9 13379.52 1589.28 116.0 149.0 1.284
M9 13379.52 1626.24 116.0 145.0 1.25
M9 13379.52 1663.2 116.0 144.0 1.241
M9 13379.52 1700.16 116.0 137.0 1.181
M9 13379.52 1737.12 116.0 131.0 1.129
M9 13379.52 1774.08 116.0 128.0 1.103
M9 11494.56 1995.84 116.0 124.0 1.069
M9 11457.6 2032.8 116.0 121.0 1.043
M9 11494.56 2032.8 116.0 133.0 1.147
M9 11457.6 2069.76 116.0 120.0 1.034
M9 11494.56 2069.76 116.0 138.0 1.19
M9 11457.6 2106.72 116.0 135.0 1.164
M9 11494.56 2106.72 116.0 139.0 1.198
M9 11457.6 2143.68 116.0 140.0 1.207
M9 11494.56 2143.68 116.0 147.0 1.267
M9 11457.6 2180.64 116.0 138.0 1.19
M9 11494.56 2180.64 116.0 157.0 1.353
M9 11457.6 2217.6 116.0 140.0 1.207
M9 11494.56 2217.6 116.0 160.0 1.379
M9 13379.52 2217.6 116.0 122.0 1.052
M9 11457.6 2254.56 116.0 132.0 1.138
M9 11494.56 2254.56 116.0 154.0 1.328
M9 13379.52 2254.56 116.0 129.0 1.112
M9 11494.56 2291.52 116.0 138.0 1.19
M9 13379.52 2291.52 116.0 135.0 1.164
M9 11494.56 2328.48 116.0 123.0 1.06
M9 13379.52 2328.48 116.0 140.0 1.207
M9 11494.56 2365.44 116.0 123.0 1.06
M9 13379.52 2365.44 116.0 127.0 1.095
M9 13379.52 2402.4 116.0 121.0 1.043
M9 13379.52 2439.36 116.0 118.0 1.017
M9 13379.52 6615.84 116.0 128.0 1.103
M9 13379.52 6652.8 116.0 142.0 1.224
M9 13379.52 6689.76 116.0 149.0 1.284
M9 13379.52 6726.72 116.0 143.0 1.233
M9 13379.52 6763.68 116.0 150.0 1.293
M9 13379.52 6800.64 116.0 151.0 1.302
M9 13379.52 6837.6 116.0 142.0 1.224
M9 13379.52 6874.56 116.0 121.0 1.043
M9 13379.52 6911.52 116.0 127.0 1.095
M9 13379.52 6948.48 116.0 123.0 1.06
M9 11494.56 7170.24 116.0 127.0 1.095
M9 11457.6 7207.2 116.0 124.0 1.069
M9 11494.56 7207.2 116.0 129.0 1.112
M9 11457.6 7244.16 116.0 133.0 1.147
M9 11494.56 7244.16 116.0 134.0 1.155
M9 11457.6 7281.12 116.0 138.0 1.19
M9 11494.56 7281.12 116.0 140.0 1.207
M9 11457.6 7318.08 116.0 143.0 1.233
M9 11494.56 7318.08 116.0 148.0 1.276
M9 11457.6 7355.04 116.0 154.0 1.328
M9 11494.56 7355.04 116.0 155.0 1.336
M9 13379.52 7355.04 116.0 122.0 1.052
M9 11457.6 7392.0 116.0 159.0 1.371
M9 11494.56 7392.0 116.0 155.0 1.336
M9 13379.52 7392.0 116.0 130.0 1.121
M9 11457.6 7428.96 116.0 141.0 1.216
M9 11494.56 7428.96 116.0 149.0 1.284
M9 13379.52 7428.96 116.0 137.0 1.181
M9 11457.6 7465.92 116.0 120.0 1.034
M9 11494.56 7465.92 116.0 134.0 1.155
M9 13379.52 7465.92 116.0 147.0 1.267
M9 11494.56 7502.88 116.0 124.0 1.069
M9 13379.52 7502.88 116.0 149.0 1.284
M9 11494.56 7539.84 116.0 118.0 1.017
M9 13379.52 7539.84 116.0 142.0 1.224
M9 13379.52 7576.8 116.0 128.0 1.103
M9 13379.52 7613.76 116.0 117.0 1.009
M9 13379.52 17075.52 116.0 126.0 1.086
M9 13379.52 17112.48 116.0 138.0 1.19
M9 13379.52 17149.44 116.0 142.0 1.224
M9 13379.52 17186.4 116.0 137.0 1.181
M9 13379.52 17223.36 116.0 129.0 1.112
M9 13379.52 17260.32 116.0 127.0 1.095
M9 13379.52 17297.28 116.0 122.0 1.052
M9 13379.52 17371.2 116.0 117.0 1.009
M9 13379.52 17814.72 116.0 118.0 1.017
M9 13379.52 17851.68 116.0 126.0 1.086
M9 13379.52 17888.64 116.0 122.0 1.052
M9 13379.52 17925.6 116.0 132.0 1.138
M9 13379.52 17962.56 116.0 121.0 1.043
M9 11457.6 18590.88 116.0 117.0 1.009
M9 13379.52 22286.88 116.0 125.0 1.078
M9 13379.52 22323.84 116.0 131.0 1.129
M9 13379.52 22360.8 116.0 138.0 1.19
M9 13379.52 22397.76 116.0 142.0 1.224
M9 13379.52 22434.72 116.0 144.0 1.241
M9 13379.52 22471.68 116.0 137.0 1.181
M9 13379.52 22508.64 116.0 137.0 1.181
M9 13379.52 22545.6 116.0 128.0 1.103
M9 13379.52 22582.56 116.0 126.0 1.086
M9 13379.52 22619.52 116.0 122.0 1.052
M9 11494.56 22841.28 116.0 119.0 1.026
M9 11494.56 22878.24 116.0 128.0 1.103
M9 11494.56 22915.2 116.0 124.0 1.069
M9 11494.56 22952.16 116.0 132.0 1.138
M9 11494.56 22989.12 116.0 138.0 1.19
M9 11494.56 23026.08 116.0 139.0 1.198
M9 11494.56 23063.04 116.0 139.0 1.198
M9 11494.56 23100.0 116.0 136.0 1.172
M9 11494.56 23136.96 116.0 123.0 1.06
M9 13379.52 23136.96 116.0 122.0 1.052
M9 13379.52 23173.92 116.0 128.0 1.103
M9 13379.52 23210.88 116.0 133.0 1.147
M9 13379.52 27498.24 116.0 129.0 1.112
M9 13379.52 27535.2 116.0 142.0 1.224
M9 13379.52 27572.16 116.0 149.0 1.284
M9 13379.52 27609.12 116.0 145.0 1.25
M9 13379.52 27646.08 116.0 142.0 1.224
M9 13379.52 27683.04 116.0 134.0 1.155
M9 13379.52 27720.0 116.0 126.0 1.086
M9 11494.56 28126.56 116.0 120.0 1.034
M9 11494.56 28163.52 116.0 126.0 1.086
M9 11494.56 28200.48 116.0 129.0 1.112
M9 11457.6 28237.44 116.0 123.0 1.06
M9 11494.56 28237.44 116.0 126.0 1.086
M9 13379.52 28237.44 116.0 122.0 1.052
M9 11494.56 28274.4 116.0 121.0 1.043
M9 13379.52 28274.4 116.0 130.0 1.121
M9 13379.52 28311.36 116.0 129.0 1.112
M9 13379.52 28348.32 116.0 134.0 1.155
M9 13379.52 28385.28 116.0 135.0 1.164
M9 13379.52 28422.24 116.0 119.0 1.026
M9 23469.6 29272.32 116.0 121.0 1.043
M9 23469.6 29309.28 116.0 128.0 1.103
M9 23469.6 29346.24 116.0 128.0 1.103
M9 23469.6 29383.2 116.0 128.0 1.103
M9 23469.6 29420.16 116.0 128.0 1.103
M9 23469.6 29457.12 116.0 128.0 1.103
M9 23469.6 29494.08 116.0 128.0 1.103
M9 23469.6 29531.04 116.0 128.0 1.103
M9 23469.6 29568.0 116.0 128.0 1.103
M9 23469.6 29604.96 116.0 128.0 1.103
M9 23469.6 29641.92 116.0 128.0 1.103
M9 23469.6 29678.88 116.0 128.0 1.103
M9 23469.6 29715.84 116.0 128.0 1.103
M9 23469.6 29752.8 116.0 128.0 1.103
M9 23469.6 29789.76 116.0 128.0 1.103
M9 23469.6 29826.72 116.0 128.0 1.103
M9 23469.6 29863.68 116.0 128.0 1.103
M9 23469.6 29900.64 116.0 128.0 1.103
M9 23469.6 29937.6 116.0 128.0 1.103
M9 23469.6 29974.56 116.0 128.0 1.103
M9 23469.6 30011.52 116.0 128.0 1.103
M9 23469.6 30048.48 116.0 128.0 1.103
M9 23469.6 30085.44 116.0 128.0 1.103
M9 23469.6 30122.4 116.0 128.0 1.103
M9 23469.6 30159.36 116.0 128.0 1.103
M9 23469.6 30196.32 116.0 128.0 1.103
M9 23469.6 30233.28 116.0 128.0 1.103
M9 23469.6 30270.24 116.0 125.0 1.078
M9 23469.6 30307.2 116.0 118.0 1.017
