M9 11457.6 1995.84 116.0 127.0 1.095
M9 11457.6 2032.8 116.0 141.0 1.216
M9 11457.6 2069.76 116.0 142.0 1.224
M9 11457.6 2106.72 116.0 144.0 1.241
M9 11457.6 2143.68 116.0 155.0 1.336
M9 11457.6 2180.64 116.0 156.0 1.345
M9 11457.6 2217.6 116.0 152.0 1.31
M9 11457.6 2254.56 116.0 146.0 1.259
M9 11457.6 2291.52 116.0 142.0 1.224
M9 11457.6 2328.48 116.0 145.0 1.25
M9 11457.6 2365.44 116.0 148.0 1.276
M9 11457.6 2402.4 116.0 146.0 1.259
M9 11457.6 2439.36 116.0 148.0 1.276
M9 11457.6 2476.32 116.0 143.0 1.233
M9 11457.6 2513.28 116.0 146.0 1.259
M9 11457.6 2550.24 116.0 148.0 1.276
M9 11457.6 2587.2 116.0 143.0 1.233
M9 11457.6 2624.16 116.0 141.0 1.216
M9 11457.6 2661.12 116.0 139.0 1.198
M9 11457.6 2698.08 116.0 127.0 1.095
M9 11457.6 7133.28 116.0 117.0 1.009
M9 11457.6 7170.24 116.0 128.0 1.103
M9 11457.6 7207.2 116.0 152.0 1.31
M9 11457.6 7244.16 116.0 156.0 1.345
M9 11457.6 7281.12 116.0 154.0 1.328
M9 11457.6 7318.08 116.0 145.0 1.25
M9 11457.6 7355.04 116.0 137.0 1.181
M9 11457.6 7392.0 116.0 136.0 1.172
M9 11457.6 7428.96 116.0 142.0 1.224
M9 11457.6 7465.92 116.0 151.0 1.302
M9 11457.6 7502.88 116.0 148.0 1.276
M9 11457.6 7539.84 116.0 144.0 1.241
M9 11457.6 7576.8 116.0 143.0 1.233
M9 11457.6 7613.76 116.0 140.0 1.207
M9 11457.6 7650.72 116.0 152.0 1.31
M9 11457.6 7687.68 116.0 158.0 1.362
M9 11457.6 7724.64 116.0 152.0 1.31
M9 11457.6 7761.6 116.0 142.0 1.224
M9 11457.6 7798.56 116.0 120.0 1.034
M9 5765.76 9313.92 112.0 114.0 1.018
M9 5765.76 9350.88 112.0 116.0 1.036
M9 5765.76 9387.84 112.0 116.0 1.036
M9 5765.76 9424.8 112.0 113.0 1.009
M9 11457.6 22878.24 116.0 118.0 1.017
M9 11457.6 22915.2 116.0 123.0 1.06
M9 11457.6 22952.16 116.0 123.0 1.06
M9 11457.6 23136.96 116.0 118.0 1.017
M9 11457.6 23321.76 116.0 119.0 1.026
M9 11457.6 23358.72 116.0 117.0 1.009
M9 11457.6 23506.56 116.0 122.0 1.052
M9 11457.6 23543.52 116.0 124.0 1.069
M9 11457.6 23580.48 116.0 124.0 1.069
M9 11457.6 28163.52 116.0 123.0 1.06
M9 11457.6 28200.48 116.0 128.0 1.103
M9 11457.6 28237.44 116.0 126.0 1.086
M9 11457.6 28274.4 116.0 122.0 1.052
M9 11457.6 28385.28 116.0 120.0 1.034
M9 11457.6 28607.04 116.0 119.0 1.026
M9 11457.6 28644.0 116.0 119.0 1.026
M9 11457.6 28680.96 116.0 117.0 1.009
M9 23395.68 29309.28 116.0 119.0 1.026
M9 23395.68 29346.24 116.0 120.0 1.034
M9 23395.68 29383.2 116.0 120.0 1.034
M9 23395.68 29420.16 116.0 120.0 1.034
M9 23395.68 29457.12 116.0 120.0 1.034
M9 23395.68 29494.08 116.0 120.0 1.034
M9 23395.68 29531.04 116.0 120.0 1.034
M9 23395.68 29568.0 116.0 120.0 1.034
M9 23395.68 29604.96 116.0 120.0 1.034
M9 23395.68 29641.92 116.0 120.0 1.034
M9 23395.68 29678.88 116.0 120.0 1.034
M9 23395.68 29715.84 116.0 120.0 1.034
M9 23395.68 29752.8 116.0 120.0 1.034
M9 23395.68 29789.76 116.0 120.0 1.034
M9 23395.68 29826.72 116.0 120.0 1.034
M9 23395.68 29863.68 116.0 120.0 1.034
M9 23395.68 29900.64 116.0 120.0 1.034
M9 23395.68 29937.6 116.0 120.0 1.034
M9 23395.68 29974.56 116.0 120.0 1.034
M9 23395.68 30011.52 116.0 120.0 1.034
M9 23395.68 30048.48 116.0 120.0 1.034
M9 23395.68 30085.44 116.0 120.0 1.034
M9 23395.68 30122.4 116.0 120.0 1.034
M9 23395.68 30159.36 116.0 120.0 1.034
M9 23395.68 30196.32 116.0 120.0 1.034
M9 23395.68 30233.28 116.0 120.0 1.034
M9 23395.68 30270.24 116.0 120.0 1.034
M9 23395.68 30307.2 116.0 117.0 1.009
