M4 11457.6 3769.92 192.0 193.0 1.005
M4 11457.6 21473.76 192.0 193.0 1.005
M4 11457.6 29826.72 192.0 193.0 1.005
M4 13305.6 3769.92 192.0 193.0 1.005
M4 13305.6 8833.44 192.0 193.0 1.005
M4 13305.6 8870.4 192.0 194.0 1.01
M4 13305.6 11938.08 192.0 193.0 1.005
M4 13305.6 19367.04 192.0 193.0 1.005
M4 13305.6 19404.0 192.0 193.0 1.005
M4 13305.6 19440.96 192.0 193.0 1.005
M4 13305.6 19477.92 192.0 193.0 1.005
M4 13305.6 29789.76 192.0 196.0 1.021
M4 13305.6 29863.68 192.0 194.0 1.01
M5 11975.04 15781.92 192.0 193.0 1.005
M5 12159.84 18849.6 192.0 194.0 1.01
M5 12196.8 18849.6 196.0 197.0 1.005
M5 13231.68 12085.92 192.0 193.0 1.005
M5 13268.64 3732.96 192.0 193.0 1.005
M5 13268.64 3769.92 192.0 193.0 1.005
M5 13268.64 3954.72 192.0 193.0 1.005
M5 13268.64 8833.44 192.0 194.0 1.01
M5 13268.64 11864.16 192.0 193.0 1.005
M5 13268.64 19330.08 192.0 193.0 1.005
M5 13268.64 24689.28 192.0 193.0 1.005
M5 13305.6 19330.08 192.0 193.0 1.005
M6 11457.6 8870.4 144.0 145.0 1.007
M6 11457.6 12233.76 144.0 145.0 1.007
M6 11457.6 24763.2 144.0 145.0 1.007
M6 11457.6 29826.72 144.0 145.0 1.007
M6 12196.8 12418.56 144.0 147.0 1.021
M7 11383.68 3769.92 144.0 145.0 1.007
M7 11420.64 21473.76 144.0 146.0 1.014
M7 11420.64 29789.76 144.0 145.0 1.007
M7 11975.04 15818.88 144.0 147.0 1.021
M7 11975.04 15855.84 144.0 146.0 1.014
M7 12012.0 15781.92 144.0 145.0 1.007
M7 12048.96 15781.92 144.0 145.0 1.007
M7 12122.88 18886.56 144.0 146.0 1.014
M7 12159.84 18849.6 144.0 145.0 1.007
M7 12196.8 12381.6 144.0 145.0 1.007
M7 12196.8 14451.36 144.0 145.0 1.007
M7 12196.8 18886.56 144.0 145.0 1.007
M7 12233.76 14451.36 144.0 155.0 1.076
M7 12233.76 14488.32 144.0 152.0 1.056
M7 12233.76 14525.28 144.0 147.0 1.021
M7 12270.72 14488.32 144.0 155.0 1.076
M7 12307.68 14488.32 148.0 151.0 1.02
M7 12344.64 14488.32 144.0 146.0 1.014
M7 12381.6 14488.32 144.0 151.0 1.049
M7 12418.56 14451.36 144.0 150.0 1.042
M7 12418.56 14488.32 144.0 146.0 1.014
M7 12455.52 14488.32 144.0 155.0 1.076
M7 12455.52 14525.28 144.0 148.0 1.028
M7 12492.48 14451.36 144.0 148.0 1.028
M7 12492.48 14488.32 144.0 149.0 1.035
M7 12492.48 14525.28 144.0 150.0 1.042
M7 13231.68 3917.76 144.0 145.0 1.007
M7 13231.68 9018.24 144.0 148.0 1.028
M7 13231.68 24874.08 144.0 148.0 1.028
M7 13268.64 3732.96 144.0 147.0 1.021
M7 13268.64 3769.92 144.0 145.0 1.007
M7 13268.64 8796.48 144.0 145.0 1.007
M7 13268.64 8833.44 144.0 146.0 1.014
M7 13268.64 9018.24 144.0 155.0 1.076
M7 13268.64 24689.28 144.0 145.0 1.007
M7 13268.64 24874.08 144.0 146.0 1.014
M7 13305.6 9018.24 144.0 145.0 1.007
M8 11383.68 12233.76 116.0 118.0 1.017
M8 13268.64 3769.92 116.0 118.0 1.017
M8 13268.64 3806.88 116.0 125.0 1.078
M8 13268.64 3843.84 116.0 122.0 1.052
M8 13268.64 3880.8 116.0 121.0 1.043
M8 13268.64 3917.76 116.0 123.0 1.06
M8 13268.64 8870.4 116.0 121.0 1.043
M8 13268.64 8907.36 116.0 127.0 1.095
M8 13268.64 8981.28 116.0 124.0 1.069
M8 13268.64 9018.24 112.0 114.0 1.018
M8 13268.64 11901.12 116.0 127.0 1.095
M8 13268.64 11938.08 116.0 118.0 1.017
M8 13268.64 11975.04 112.0 126.0 1.125
M8 13268.64 12012.0 116.0 127.0 1.095
M8 13268.64 12048.96 116.0 120.0 1.034
M8 13268.64 19367.04 112.0 117.0 1.045
M8 13268.64 19404.0 116.0 121.0 1.043
M8 13268.64 19440.96 116.0 120.0 1.034
M8 13268.64 19477.92 116.0 122.0 1.052
M8 13268.64 19514.88 116.0 122.0 1.052
M8 13268.64 24726.24 116.0 125.0 1.078
M8 13268.64 24763.2 116.0 122.0 1.052
M8 13268.64 24800.16 116.0 122.0 1.052
M8 13268.64 24837.12 116.0 124.0 1.069
M8 13268.64 24874.08 116.0 121.0 1.043
M8 13268.64 29789.76 116.0 120.0 1.034
M8 13268.64 29826.72 116.0 124.0 1.069
M8 13268.64 29863.68 116.0 124.0 1.069
M8 13268.64 29900.64 116.0 121.0 1.043
M8 13268.64 29937.6 116.0 124.0 1.069
M8 13305.6 3769.92 116.0 120.0 1.034
M8 13305.6 3806.88 116.0 118.0 1.017
M8 13305.6 3843.84 116.0 117.0 1.009
M8 13305.6 8907.36 116.0 117.0 1.009
M8 13305.6 11938.08 116.0 123.0 1.06
M8 13305.6 11975.04 112.0 122.0 1.089
M8 13305.6 12012.0 116.0 121.0 1.043
M8 13305.6 19367.04 112.0 117.0 1.045
M8 13305.6 24726.24 116.0 120.0 1.034
M8 13305.6 29863.68 116.0 119.0 1.026
M9 10792.32 9720.48 112.0 116.0 1.036
M9 10792.32 14894.88 112.0 120.0 1.071
M9 10792.32 14931.84 112.0 114.0 1.018
M9 11383.68 21473.76 112.0 113.0 1.009
M9 11420.64 12196.8 116.0 119.0 1.026
M9 11420.64 21473.76 116.0 122.0 1.052
M9 12012.0 15818.88 116.0 122.0 1.052
M9 12048.96 15818.88 116.0 128.0 1.103
M9 12122.88 14488.32 116.0 120.0 1.034
M9 12159.84 14451.36 116.0 120.0 1.034
M9 12159.84 14488.32 116.0 123.0 1.06
M9 12159.84 14525.28 116.0 117.0 1.009
M9 12196.8 14488.32 116.0 119.0 1.026
M9 12233.76 14525.28 116.0 117.0 1.009
M9 12270.72 14451.36 112.0 118.0 1.054
M9 12270.72 14488.32 112.0 113.0 1.009
M9 12270.72 14525.28 112.0 113.0 1.009
M9 12307.68 14488.32 116.0 117.0 1.009
M9 12344.64 14525.28 116.0 117.0 1.009
M9 12381.6 14451.36 116.0 118.0 1.017
M9 12381.6 14488.32 116.0 127.0 1.095
M9 12381.6 14525.28 116.0 118.0 1.017
M9 12381.6 32746.56 116.0 119.0 1.026
M9 12418.56 14488.32 116.0 120.0 1.034
M9 12418.56 14525.28 116.0 120.0 1.034
M9 12529.44 14488.32 116.0 120.0 1.034
M9 12529.44 14525.28 116.0 120.0 1.034
M9 13231.68 29752.8 116.0 117.0 1.009
M9 13268.64 3732.96 116.0 117.0 1.009
M9 13268.64 12048.96 116.0 117.0 1.009
M9 13305.6 29752.8 116.0 120.0 1.034
M9 15116.64 9646.56 116.0 117.0 1.009
M9 15116.64 9720.48 116.0 119.0 1.026
